兵团设计院李素贞努尔买买提栏干站,C,1096,1970,6.52,6.58,6.62,6.65,6.69,6.74,6.78,6.82,6.86,6.9,6.93,6.95,7,7.01,7.02,7.04,7.04
7.05,7.05,7.05,7.05,7.04,7.03,7.02,7,6.99,6.97,6.95,6.92,6.89,6.86,6.83,6.8
6.78,6.72,6.68,6.64,6.6,6.56,6.52,6.48,6.44,6.39,6.34,6.29,6.24,6.19,6.14
6.08,6.02,5.97,5.91,5.85,5.8,5.74,5.69,5.64,5.58,5.52,5.47,5.42,5.37,5.3
5.26,5.19,5.13,5.09,5.03,4.96,4.92,4.86,4.82,4.76,4.7,4.64,5.09,5.09,5.09
5.09,5.09,5.09,5.09,5.53,5.53,5.53,5.76,5.53,5.53,5.31,5.31,5.76,5.53
5.53,5.98,6.75,7.13,6.36,6.75,5.98,5.53,5.98,15.5,15.9,16.4,13.2,15.9,12.4
8.28,7.13,6.75,5.98,6.75,14.1,15.9,15.9,18.6,15,15,11.5,8.28,8.67,8.28,6.75
9.82,11.5,10.7,8.28,5.98,9.82,13.2,9.44,5.98,7.13,10.7,11.5,7.13,11.1,9.05
17.3,21.5,20.6,19.6,21.1,18.2,9.05,15.9,8.67,7.52,8.28,8.28,7.52,19.6,23.1
38.1,28.6,10.7,10.3,7.52,9.05,18.2,32.4,50.2,71.2,64.4,34.2,25.1,35.5,30.1
21.1,16.8,19.1,41.1,40.8,30.1,26.2,52.6,78.8,80,85.7,85.7,79,67.8,63.7,76.4
62.9,49.4,39,59,84.7,125,134,168,110,51.5,59.8,43.4,27.3,23.5,26.7,36.5,61.3
74.7,79,50.1,64.6,39.6,44.1,40.2,40.2,43.4,46.7,57.9,32.4,26.2,27.8
40.2,46,45.4,40.8,38.4,45.4,49.4,55.1,67,72.9,74.7,59.8,60.5,48.7,37.1,35.3
43.4,55.9,67,70.3,71.2,66.2,60.5,57.4,40.8,34.7,34.1,42.1,51.5,59.8,69.5,74.7
75.5,60.5,47.3,44.1,44.7,35.9,31.8,33.5,39,33.5,31.8,26.7,23.5,22.5,22.5,21.1,22
21.5,23.5,21.1,20.1,19.6,19.1,19.6,17.7,18.6,19.6,18.6,19.1,19.6,18.6,18.2
17.7,17.3,15.9,15.9,15,15.5,15,15.5,15,15,14.1,14.1,14.1,14.1,14.1,13.7,13.7,14.1
14.1,14.1,13.2,13.2,13.2,12.8,13.2,13.2,13.2,13.2,12.8,13.7,13.2
13.7,12.8,13.2,12.4,12.8,12.8,12.8,12.4,12.4,12.4,11.6,11.2,8.41,8.04,7.75
7.52,7.3,7.11,6.93,6.77,6.67,6.43,6.34,6.2,6.06,5.97,5.89,5.81,5.75,5.7
5.66,5.62,5.6,5.56,5.54,5.53,5.51,5.5,5.5,5.5,5.5,5.51,5.52,5.53,5.54
5.57,5.6,5.67,5.7,5.75,5.81,5.86,5.92,5.97,6.04,5.24,5.23,5.23,5.23,5.22
5.22,5.22,5.21,5.21,5.21,5.2,5.2,5.19,5.19,5.19,5.18,5.18,5.18,5.17
5.17,5.18,5.18,5.19,5.19,5.12,5.05,4.98,4.91,4.84,4.77,4.7,4.73,4.77,4.8
4.83,4.86,4.89,4.92,4.95,4.98,5.01,4.87,4.72,4.58,4.43,4.29,4.44,4.58,4.73
4.87,5.02,5.16,5.31,5.45,5.6,5.74,6.17,6.61,7.04,7.47,7.91,8.34,8.77,9.2,9.64
10.1,10.5,10.9,11.4,11.8,12.2,12.7,13.1,13.5,14.0,14.4,14,14,13.5,13.1,15.4
17.2,29.8,14.4,13.5,12.6,13.1,12.6,12.2,11.5,11.9,11.2,11.5,13.1,11.9,10.8
10.1,10.1,10.1,10.8,10.1,9.36,9,8.4,7.49,7.49,7.19,8.4,9.72,8.4,8.09,8.7,8.4
7.49,6.89,6.89,7.19,6.89,7.19,6.89,10.8,10.4,9.72,11.5,8.7,10.1,8.09,12.9
22.6,17.4,9.39,8.92,11.4,8.7,9,8.09,8.09,15.3,18.5,22.8,11.1,8.66,10.4,26.2
49.5,38.8,36.1,58,67.7,33.8,27.7,46.3,40,51.8,53.3,49.7,27.6,34.2,21.2,28.4
20.7,18.4,21.6,35.7,22,41.5,34.1,29.4,23.9,31.4,32.2,37.5,73.6,99.3,132,134
113,138,146,195,188,85.6,88.2,101,79.4,55.8,57.7,45.8,51.2,69.9,64.3,70.1
96.4,132,148,128,76.5,49.8,33.3,51.3,49.4,50.2,48.6,31.2,25.2,41.2,41.5,36.8
46.9,47.8,65.9,83.5,114,113,106,94.7,126,145,151,156,124,117,119,96.6,75..2
61.5,59.4,43.3,39,33.6,32.9,25.8,28.7,29.8,24.1,29.5,25.8,30.6,29.8,40.1,31.7
26.3,29.3,32.2,43.5,46.1,35.3,36.1,51.5,54.2,49.7,47.9,56.8,44.4,34.6,24.1,20.9
20.3,24.1,27.7,32.2,36.1,16.0,16.5,15.5,15,14.5,14,14.5,14.5,14.5,14.5,14.5
13.6,13.6,13.1,13.1,13.1,13.1,12.7,13.1,13.1,12.7,12.7,12.7,12.2,12.2,12.2
12.2,12.2,12.2,11.8,11.8,11.8,11.8,11.8,11.8,11.8,11.8,11.8,11.8,11.4,11.4,11.4
11.4,11.4,11.4,11.4,11.8,11.8,11.4,11,11,10.5,10.1,10.1,10.1,10.1,10.1,10.5
10.1,10.1,10.1,10.1,10.1,10.2,10.2,10.2,10.2,10.3,10.3,10.3,10.4,10.4
9.57,8.74,7.91,7.95,7.98,8.02,8.06,8.09,8.13,8.17,8.21,8.24,8.28,8.1,7.91,7.73
7.54,7.36,7.17,6.99,6.8,6.62,6.57,6.52,6.46,6.41,6.36,6.31,6.26,6.2,6.15,6.56
6.3,6.04,5.78,5.51,5.28,5.33,5.47,5.61,5.75,5.9,6.09,6.31,6.52,6.73,6.87,7
7.12,7.25,7.37,7.35,7.29,7.23,7.17,7.11,7.03,6.95,6.87,6.79,6.71,6.63,6.62
6.63,6.65,6.66,6.67,6.68,6.7,6.71,6.72,6.73,6.75,6.75,6.67,6.57,6.46,6.36
6.26,6.16,6.05,5.97,6.02,6.12,6.21,6.3,6.39,6.4,6.4,6.39,6.37,6.19,5.95
5.71,5.47,5.27,5.46,5.75,6.05,6.35,6.62,6.58,6.47,6.36,6.25,6.31,6.65,6.66
6.75,6.75,6.75,6.75,6.74,6.59,6.71,6.58,6.56,6.57,6.74,6.95,6.95,7.02,7.07
8.06,7.47,6.85,7.05,7.53,7.95,7.61,7.47,7.21,7.42,7.42,9.19,8.88,7.6,7.37
7.6,8.43,12.2,13.3,11.6,10,7.94,7.37,7.29,8.33,8.11,8.89,11.5,9.41,10.3,22.7
27.9,26,9.6,9.78,12.9,19.4,16.4,16.6,13.2,9.73,11.2,15.9,19.8,15.1,15.7,10.1
9.37,10.3,9.89,9.11,10.9,14.4,13.6,12.5,21.7,27.1,16,55.1,91.2,54.1,35.1,32.2
11.6,12.4,21.5,22.6,28.9,11.3,15.7,16.2,33,31.3,21.1,34.2,21.7,17.3,12.2,28.8
31.9,29.8,20.7,30.1,41.8,60.9,60.4,81.7,46.8,38.8,43,66.1,75.5,47.4,53.7,70
69.9,72.5,44.9,40.5,34.7,47.9,44.2,28.6,19.2,16,14.3,21.4,31.3,65.5,48.3,34
28.2,28.7,35.6,35,38,25.6,28.5,54.8,63.8,84.9,47.9,39.3,51.4,80.5,85.2,76.5
82.3,89.5,102,90,59.1,42.6,32.1,25.3,25.4,31.4,30.7,46.9,65.7,73.5,59.6,37.3
29.8,22.7,25.9,24.2,16.5,14.4,14.8,21.3,27.3,23.6,20,25.2,23.7,31.3,20.4,18.9
29.9,32,24.3,23.6,18.8,19.3,15.7,11.4,12.3,16.3,14.4,11.2,10.7,10.7,10.5,10.3
10.1,10.2,9.85,9.39,9.33,9.12,8.61,8.77,8.75,8.82,8.53,8.32,8.26,8.4,8.48,8.68
8.69,9.04,8.54,8.68,8.67,8.33,8.46,8.25,8.06,8.26,8.26,8.26,8.26,8.26,8.25,8.05
7.91,7.85,7.85,7.85,7.85,7.85,7.82,7.65,7.51,7.46,7.31,7.09,7.08,6.79,6.76,6.92
7.03,6.79,7.04,7.33,6.96,7.05,7.09,7.11,7.28,7.28,7.26,7.09,6.97,6.92,6.92
6.92,7.05,7.19,6.8,6.77,6.44,6.54,6.6,6.42,6.7,6.74,6.6,6.54,6.74,6.84,6.92
7.01,7.1,7.2,7.29,7.38,7.48,7.57,7.65,7.49,7.26,7.03,6.8,6.56,6.36,6.62,7.05
7.49,7.93,8.36,8.77