C-11 无调节水电站水能计算程序

作者  黄  璜(新疆水利水电勘测设计院)

程序功能
本程序适用于无调节水电站的水能计算，可根据不同河流的来水情况，依计算者要求的精度得出如下结果：
流量~保证率关系曲线数据。
出力~保证率及发电持续时间关系曲线数据。
出力~年发电量关系曲线数据。
电站保证出力和设计流量。
可边疆输入若干个不同的装机容量从而计算出每一方案对应的年发电量、流量及发电持续时间。

计算原理及方法
计算原理主要参考成勘院主编《水能设计》第一章第五节中所述。将全部径流系列的日平均流量资料分成若干个流量阶梯进行统计计算，并据此进行能量计算。流量阶梯划分的密度可根据计算者的要求方便地划定。

程序特点
程序特点表现在对径流系列的统计计算中，程序先将全部径流系列分为五个大段，每个大段又分为若干个流量阶梯，计算者可根据径流系列的具体情况如：最大最小日流量值，不同流量值对整个径流系列的分布情况等等来确定每个大段的上下流量边界值及每段中划分的流量阶梯个数。这样可在流量出现较多的范围内使流量阶梯的划分相对较密，反之则相对较疏。基本资料一次输入后便可边疆计算得出各结果。对不同装机容量时的方案比较则可采用人机对话形式，每输入一装机容量便可得到相应的年发电量、设计流量和发电持续时间。程序运行速度较快。

主要输入输出数据说明
输入数据：
P%SJ：电站设计保证率。
HSJ：电站设计净水头。
A：发电设备综合效率。
F：考虑发电流量损失后，水的利用系数(可根据计算阶段和精度的不同取<=1.0的值)。
Sjall：径流系列日平均流量总个数。
Sjmin,max：径流系列中最小和最大流量值(可取<=最小值和>=最大值的整数)。
Di：径流系列划分的五大段中第i段的上限流量值(I=1,2,3,4)。
Ii:所有Ii中的最大值。
例如：设某一电站具有若干年径流系列的日平均流量值2000个。其中最小值1.23m3/s。最大值823.5 m3/s。且大多数流量值分布在1.23~500 m3/s之间，故
对Sjall=提示可输入2000
对Sjmin,max=提示可输入1和825(取整)
第一大段上限定为50 m3/s，拟分为25个流量阶梯(D1=50，I1=25)
第二大段上限定为150 m3/s，拟分为20个流量阶梯(D2=150，I2=20)
………………………………………………………………………………
第五段上限值机器自动以825代替，即D5缺省，仅需输入I5。可假设I5=5。由于所有段中最多划分了25个流量阶梯(I1=25)故Imax=25。
输出数据说明
GONG CHEN：电站名称
∧Q：流量阶梯，一般取整数。(m3/s)
QP：平均流量(m3/s)
Ni：平均流量下的出力值。(万千瓦)
n：某一流量阶梯中出现的流量个数。
P%：对应的频率。
Q%：对应电站设计保证率下的流量值(m3/s)
N%：保证出力值(万班)
T：发电持续时间(小时)
∧E：差值电量(亿度)
E：累积电量(亿度)
Nzj：设计装机容量(万千瓦)，可选不同的装机容量进行方案比较。
Edl：对应某一装机容量下的年电量(亿度)
Q：对应流量值(m3/s)

几点附加说明
    1. 考虑到机器的输出功能和实用性，程序中未加绘图内容而将各种曲线的结点数据输出，计算者可根据需要据此绘出实用的各种曲线。
    2. 一般情况下，流量阶梯取整数值，即最小流量间隔为1.0 m3/s。但对某些较特殊的河流，其流量阶梯的划分需要更小一些。例如每一流量间隔为0.5 m3/s或更小时，本程序也可计算。也即程序设计中实际考虑是对任意流量间隔均实用的情况。仅需在∧Q(流量阶梯的输出形式上作些修改(以小数形式输出)。如对此项输出不作修改，对计算结果也无任何影响。

操作说明

     点击‘数据来源’介面，点击算例数据文件，算例的数据即进入相应的数据框中，然后点击‘计算’，屏幕显示输入初拟装机值=？依次输入多个装机容量(万千瓦)，机器计算输出年电量、流量、发电持续时间，输入0，结束输入，然后选定最后装机，全部计算结束，即得算例的文本结果。
     在数据框中填入自己的数据，以自己命名的文件存盘，可将自己工程的数据存为数据文件，点击‘计算’，最后得文本结果。
计算结果为汉字的计算书，一目了然。


算例
该算例引用库车河兰干水电站资料，径流系列个数365个，最大值123.0 m3/s，最小值取1.0 m3/s，设计保证率P=75%，水量利用系数F=0.95，发电设备综合效率A=8.2，电站设计净水头H=37.6米，方案比较时给定装机容量。
NzJ=0.08,0.10,0.12,0.16,0.24,0.32(万班)
其中：D1=10m3/s,I1=10,D2=20m3/s,I2=10,D3=30.0 m3/s,I3=10,D4=45.0 m3/s,I4=5,
I5=3(D5为最大值123 m3/s)。
    数据文件为C-11.INT:
 0,2.5,2.65,2.8,2.85,3.05,3.13,3.18,3.2,3.18 
 3.12,3,2.78,2.4,1.9,1.6,1.46,1.38,1.35,1.32 
 1.31,1.33,1.33,1.33,1.33,1.33,1.33,1.32,1.32,1.31 
 1.31,1.31,1.3,1.3,1.31,1.3,1.28,1.25,1.23,1.22 
 1.22,1.22,1.25,1.26,1.3,1.32,1.38,1.41,1.46,1.52 
 1.58,1.65,1.72,1.8,1.86,1.92,2,2.08,2.3,2.28
 2.3,3.97,2.3,2.3,2.3,2.3,2.52,2.52,2.52,2.74
 2.74,2.74,2.74,2.96,2.96,2.96,2.96,2.96,3.18,3.18 
 3.18,2.96,2.74,2.74,2.74,2.74,2.74,2.74,2.74,2.52 
 2.52,2.52,2.52,2.3,2.3,2.08,2.08,3.18,6.68,9.6 
 10.2,11.2,8.83,5.41,3.71,5.1,7.68,8.45,6.68,3.71
 6.02,5.71,4.24,3.18,2.74,2.3,1.89,1.69,1.89,1.69
 3.18,3.44,3.18,3.44,5.41,7.68,8.83,10.6,10.2,10.2
 14.8,1.53,9.6,7.02,8.45,13.7,12.8,16.4,17.7,11.2 
 9.92,8.83,25.6,33.5,21,29.5,59.8,31.8,33.7,35.6 
 37.6,14.5,28.1,48,30,30,24.6,21.5,19.9,14.5 
 8.2,8.2,28.1,19.9,8.72,6.64,10.6,23,26.2,38.7
 40.5,33.6,25.2,19.7,13.9,32.3,123,57.6,33.3,30.1 
 27.3,30.5,35.5,28.2,16,14.9,15,17.6,20.5,18.7 
 18.7,17.3,17.3,18.7,21.5,20.1,24.2,21.5,31.7,29.8 
 27.7,52.8,92.2,23.7,18.8,16.4,15.5,13,11.2,12.4 
 11.2,18.8,39,28.8,45.6,41,25.6,26.6,24.4,23.8 
 23.1,22.5,21.7,21.4,21.7,21.1,18.8,16.6,14.1,15.9 
 15.9,17.3,14.1,12.4,10.5,10.5,10.5,10.5,9.54,9.54 
 8.56,7.5,0,8.56,7.58,6.6,5.15,5.85,5.85,5.85 
 5.85,5.85,6.6,6.6,5.85,5.1,5.85,6.6,7.5,5.85 
 6.6,7.58,5.85,5.85,7.58,7.58,6.6,6.6,5.85,5.85 
 5.1,5.1,5.1,7.58,7.58,6.7,6.15,5.75,5.4,5.11 
 4.88,4.65,4.45,4.25,4.1,3.93,3.8,3.68,3.55,3.45 
 3.33,3.23,3.15,3.08,3,2.9,2.86,2.81,2.78,2.75 
 2.72,2.71,2.7,2.68,2.66,2.6,2.58,2.58,2.58,2.58 
 2.58,2.58,2.58,2.58,2.58,2.58,2.58,2.58,2.58,2.58 
 2.58,2.58,2.58,2.61,2.61,2.61,2.61,2.61,2.61,2.52 
 2.52,2.52,2.48,2.58,2.48,2.58,2.48,2.52,2.48,2.52 
 2.52,2.58,2.52,2.48,2.52,2.52,2.52,2.52,2.48,2.52 
 2.6,2.48,2.25,1.94,2.33,2.35,2.35,2.18,1.85,1.88 
 2.08,1.85,1.76,1.94,1.76 

    计算结果文件为C-11.OUT:
*******************************************************************************
*****                  无调节(日)水电站常规水能计算书 C-11                *****
*******************************************************************************
     一.工 程 名 称:suanli
     二.计算原理及方法
            计算原理参考成都勘测设计院主编<水能设计>第一章第五节所述 ,将全部
        径流系列的日平均流量资料分成若干个流量阶梯进行统计计算 ,并据此进行能
        量计算 .
     三.计算参数
       1.电站设计保证率P= 75 %
       2.发电设备综合利用系数A= 8.2 
       3.电站设计净水头H= 37.6 米
       4.考虑发电损失后水的利用系数F= .95    ----------------------------------------------------------------------------
                                一. 统计计算成果
                             ************************
    流量阶梯  平均流量  出力  流量个数 频 率 出力差值 发电时间 电量差值 累计电量
    (m^3/s)   (m^3/s)  (万kW)   (个)    (%)   (万kW)     (t)    (亿kWh)  (亿kWh)
  ==============================================================================
   1.0-   1.8    1.43   0.044     55  100.00    0.00    8760     0.000     0.039
   1.8-   2.7    2.42   0.074    101   84.93    0.03    7440     0.023     0.061
   2.7-   3.6    3.06   0.094     33   57.26    0.02    5016     0.010     0.071
   3.6-   4.5    4.02   0.124      7   48.22    0.03    4224     0.012     0.084
   4.5-   5.5    4.99   0.154     13   46.30    0.03    4056     0.012     0.096
   5.5-   6.3    5.90   0.182     25   42.74    0.03    3744     0.010     0.106
   6.3-   7.2    7.16   0.221     11   35.89    0.04    3144     0.012     0.119
   7.2-   8.1    7.98   0.246      6   32.88    0.03    2880     0.007     0.126
   8.1-   9.0    8.60   0.265      6   31.23    0.02    2736     0.005     0.131
   9.0-  10.0    9.66   0.298     10   29.59    0.03    2592     0.009     0.140
  10.0-  11.0   10.45   0.322      6   26.85    0.02    2352     0.006     0.145
  11.0-  12.0   11.78   0.363      2   25.21    0.04    2208     0.009     0.154
  12.0-  13.0   12.25   0.378      2   24.66    0.01    2160     0.003     0.157
  13.0-  14.0   13.43   0.414      6   24.11    0.04    2112     0.008     0.165
  14.0-  15.0   14.30   0.441      4   22.47    0.03    1968     0.005     0.170
  15.0-  16.0   15.39   0.475      6   21.37    0.03    1872     0.006     0.177
  16.0-  17.0   16.57   0.511      5   19.73    0.04    1728     0.006     0.183
  17.0-  18.0   17.81   0.549      6   18.36    0.04    1608     0.006     0.189
  18.0-  19.0   18.84   0.581      3   16.71    0.03    1464     0.005     0.194
  19.0-  20.0   19.51   0.601      3   15.89    0.02    1392     0.003     0.197
  20.0-  21.0   20.41   0.629      7   15.07    0.03    1320     0.004     0.200
  21.0-  22.0   21.72   0.670      3   13.15    0.04    1152     0.005     0.205
  22.0-  23.0   22.70   0.700      3   12.33    0.03    1080     0.003     0.208
  23.0-  24.0   23.50   0.724      3   11.51    0.02    1008     0.002     0.211
  24.0-  25.0   24.51   0.756      3   10.68    0.03     936     0.003     0.214
  25.0-  26.0   25.60   0.789      2    9.86    0.03     864     0.003     0.217
  26.0-  27.0   26.62   0.821      4    9.32    0.03     816     0.003     0.219
  27.0-  28.0   27.36   0.844      1    8.22    0.02     720     0.002     0.221
  28.0-  29.0   28.48   0.878      6    7.95    0.03     696     0.002     0.223
  29.0-  30.0   ****    ****    ****    ****    ****    ****      ****     ****
  30.0-  31.5   30.34   0.935      3    6.30    0.06     552     0.003     0.226
  31.5-  33.0   31.85   0.982      4    5.48    0.05     480     0.002     0.229
  33.0-  34.5   33.77   1.041      2    4.38    0.06     384     0.002     0.231
  34.5-  36.0   35.72   1.101      1    3.84    0.06     336     0.002     0.233
  36.0-  37.5   36.91   1.138      2    3.56    0.04     312     0.001     0.234
  37.5-  39.0   38.71   1.194      2    3.01    0.06     264     0.001     0.235
  39.0-  40.5   ****    ****    ****    ****    ****    ****      ****     ****
  40.5-  42.0   ****    ****    ****    ****    ****    ****      ****     ****
  42.0-  43.5   43.32   1.336      1    2.47    0.14     216     0.003     0.239
  43.5-  45.0   ****    ****    ****    ****    ****    ****      ****     ****
  45.0-  71.0   51.82   1.598      4    2.19    0.26     192     0.005     0.244
  71.0-  97.0   87.59   2.701      1    1.10    1.10      96     0.011     0.254
  97.0- 123.0  116.85   3.603      1    0.82    0.90      72     0.006     0.261

                                二. 装机容量比较成果
                             ************************** 
               方 案    装机容量    年电量    发电流量   发电持续时间
                         (万kW)    (亿kW.h)    (m^3/s)       ( t ) 
             ==========================================================
                 1        0.080      0.064       2.59        5683
                 2        0.100      0.074       3.24        4373
                 3        0.120      0.082       3.89        4327
                 4        0.160      0.098       5.19        3812
                 5        0.240      0.124       7.78        2944
                 6        0.320      0.145      10.38        2374
 
 
                                 三. 汇 总 成 果
                              *********************
 
       设计保证率   设计流量   保证出力   装机容量   年发电量   发电持续时间
         ( % )       (m^3/s)    (万kW)     (万kW)    (亿kW.h)      ( t )
     =========================================================================
          75.00        2.65      0.082      0.160      0.0981        3812
                              计算全部结束.谢谢 !

