1E-5,1,3,4,5,6,10,15,20
1,2,3,4,5,1,2,3,4,5,1,2,3,4,5
100,56,32,25,20,17,12,8,7
100,74,49,40.5,35,31,24,17,13
100,85,64,56,50,46,35,26,20
100,90,74,67,62,57,45,34,26
100,93,81,76,71,66.5,53,40,31
100,73,53,47,43,39.5,30,22,20
100,83,66,61,57,53.5,42,32,28
100,92,79,74,70,66.5,54,44,36
100,95,86,82.5,79,76,64,53,43
100,97,90,86.5,84,81.5,71,61,50
100,78,58,51.5,47,43.5,34,27,24
100,91,75,68,62,58,48,39,34
100,94,83,78,74,70.5,60,50,44
100,95,87,84,81,78,69,60,53
100,97,91,88.5,86,84,76,67,60
2,4,0,45,1.416E+6,142,30.5,15.24,1.079E+7
146.3,274.3,396.2,399.2
133.2,252.0,407.5,411.8
143.9,262.9,407.8,415.0
2.44,5.5,8.54,9.144
2.44,5.5,8.54,9.144
2.44,5.5,8.54,9.144
0,19794,65177
0.045,0.045,0.045
0.0008,0.0008,0.0008
9.14,9.14,9.14
0.95,0.90
0,0
3.05,3.05
