1E-5,1,3,4,5,6,10,15,20
1,2,3,4,5,1,2,3,4,5,1,2,3,4,5
100,56,32,25,20,17,12,8,7
100,74,49,40.5,35,31,24,17,13
100,85,64,56,50,46,35,26,20
100,90,74,67,62,57,45,34,26
100,93,81,76,71,66.5,53,40,31
100,73,53,47,43,39.5,30,22,20
100,83,66,61,57,53.5,42,32,28
100,92,79,74,70,66.5,54,44,36
100,95,86,82.5,79,76,64,53,43
100,97,90,86.5,84,81.5,71,61,50
100,78,58,51.5,47,43.5,34,27,24
100,91,75,68,62,58,48,39,34
100,94,83,78,74,70.5,60,50,44
100,95,87,84,81,78,69,60,53
100,97,91,88.5,86,84,76,67,60
7,6,2020,87,65E+6,19300,291,26.1,6.038E+8
140,300,800,1640,1690,1760
100,390,1460,2123,2480,2550
210,560,1080,3000,4360,5560
260,350,490,3420,4720,5080
160,240,2470,9460,10760,11860
60,90,230,3200,9020,11920
95,115,630,7480,8710,11570
80,120,200,3500,8500,10310
3,5,7,9,11,13
3,5,7,9,11,13
3,5,7,9,11,13
3,5,7,9,11,13
3,5,7,9,11,13
3,5,7,9,11,13
3,5,7,9,11,13
3,5,7,9,11,13
0,3080,8750,14250,21900,28000,34200,38000
0.040,0.040,0.038,0.037,0.036,0.035,0.035,0.035
0.002,0.002,0.0014,0.0013,0.0011,0.0011,0.001,0.001
11,11,30,30,30,30,30,30
0.90,0.90,0.90,0.90,0.90,0.90,0.90
898,2089,4575,7031,8989,11012,12200
9,9,9,8,8,8,8
