                     水电站和水利枢纽年调节计算 C-14                    
                     ===============================                     

     计算年数     年内计算期数目   年内总时段数  库容曲线结点数
        K1              K2              K3             k4      
         1               8              42              10

     是否用定出力计算 np=  1
     出力系数 asl= 8.3    库容单位参数 vmn= 0

                                   1977----1978

    时  段   时   入库   发电   弃水   供水    水     库      出      电     峰荷     水     
    序  号   段   流量   流量   流量   流量    位     容      力      量     出力     头     
      M      DT    QJ     QO     QB     QW     H       V       N       E      F       DH  

  83125.  744.   312.   268.     0.   44.  152.00     1.06  11.90    0.89  57.14  53.52
  93025.  720.   491.   447.     0.   44.  152.00     1.06  19.72    1.42 154.87  53.15
 101525.  372.   301.   165.     0.   44.  166.00    47.18   8.64    0.32  90.08  63.15
 103125.  372.   301.   193.     0.   44.  170.00    79.26  11.16    0.42 107.96  69.72
 110125.   24.   607.   326.     0.   44.  170.86    87.04  19.46    0.05 128.52  71.82
 110225.   24.   545.   326.     0.   44.  171.49    92.78  19.66    0.05 129.81  72.57
 110325.   24.   506.   326.     0.   44.  171.98    97.24  19.81    0.05 130.79  73.13
 110425.   24.   512.   326.     0.   44.  172.49   101.90  19.95    0.05 131.66  73.63
 110525.   24.   577.   326.     0.   44.  173.24   108.69  20.12    0.05 132.66  74.26
 110625.   24.   491.   326.     0.   44.  173.68   112.66  20.28    0.05 133.55  74.85
 110725.   24.   449.   326.     0.   44.  173.96   115.24  20.38    0.05 134.10  75.22
 110825.   24.   419.   326.     0.   44.  174.14   116.84  20.44    0.05 134.45  75.45
 110925.   24.   361.   306.     0.   44.  174.18   117.22  19.17    0.05 126.70  75.60
 111025.   24.   317.   306.     0.   44.  174.06   116.14  19.17    0.05 126.70  75.56
 111125.   24.   306.   306.     0.   44.  173.90   114.69  19.17    0.05 126.70  75.42
 111225.   24.   295.   307.     0.   44.  173.70   112.84  19.17    0.05 126.70  75.24
 111325.   24.   284.   308.     0.   44.  173.45   110.61  19.17    0.05 126.70  75.01
 111425.   24.   257.   309.     0.   44.  173.10   107.45  19.17    0.05 126.70  74.71
 111525.   24.   250.   311.     0.   44.  172.73   104.01  19.17    0.05 126.70  74.34
 111625.   24.   250.   312.     0.   44.  172.34   100.51  19.17    0.05 126.70  73.96
 111725.   24.   250.   314.     0.   44.  171.95    96.96  19.17    0.05 126.70  73.57
 111825.   24.   250.   316.     0.   44.  171.55    93.36  19.17    0.05 126.70  73.17
 111925.   24.   250.   317.     0.   44.  171.15    89.69  19.17    0.05 126.70  72.76
 112025.   24.   250.   319.     0.   44.  170.74    85.97  19.17    0.05 126.70  72.35
 112125.   24.   253.   321.     0.   44.  170.33    82.28  19.17    0.05 126.70  71.94
 112225.   24.   292.   323.     0.   44.  170.06    79.83  19.17    0.05 126.70  71.60
 112325.   24.   350.   323.     0.   44.  170.00    79.26  19.17    0.05 126.70  71.43
 112425.   24.   390.   346.     0.   44.  170.00    79.26  20.49    0.05 134.75  71.36
 112525.   24.   390.   346.     0.   44.  170.00    79.26  20.49    0.05 134.75  71.36
 112625.   24.   390.   346.     0.   44.  170.00    79.26  20.49    0.05 134.75  71.36
 112725.   24.   390.   346.     0.   44.  170.00    79.26  20.49    0.05 134.75  71.36
 112825.   24.   390.   346.     0.   44.  170.00    79.26  20.49    0.05 134.75  71.36
 112925.   24.   390.   346.     0.   44.  170.00    79.26  20.49    0.05 134.75  71.36
 113025.   24.   390.   346.     0.   44.  170.00    79.26  20.49    0.05 134.75  71.36
 123125.  744.   511.   403.     0.   45.  176.97   142.69  24.97    1.86 159.84  74.73
  13125.  744.   499.   454.     0.   45.  176.97   142.69  29.43    2.19 181.26  78.10
  22825.  678.   573.   528.     0.   45.  176.97   142.69  34.16    2.32 203.15  77.95
  33125.  744.   487.   442.     0.   45.  176.97   142.69  28.66    2.13 190.64  78.12
  43025.  720.   565.   492.     0.   45.  180.00   170.54  32.49    2.34 203.97  79.54
  53125.  744.   250.   249.     0.   44.  175.28   127.25  16.39    1.22  78.67  79.21
  63025.  720.   250.   252.     0.   44.  170.18    80.92  15.56    1.12  74.69  74.29
  73125.  744.   250.   205.     0.   44.  170.33    82.28  12.22    0.91  58.66  71.95

     弃水      平均       电       平均      出力       电量
     流量      出力       量       水头    加权水头   加权水头
      QB       CNCP      EQCP      CPDH      CNDH       EQDH
        0    19.914    18.545     72.63     73.26     73.57


    计算结束  O.K.!
