C-14 水电站和水利枢纽年调节计算程序
唐文华   （水利部天津勘测设计研究院）

一、程 序 功 能

可以进行水电站和综合利用水库年调节计算的通用程序。
对不同计算期和时段组成的计算年（或计算期和时段相同的多年）进行年调节计算。
计算水电站年或多年的出力、电量、水头和调节流量等。
根据水库高度图制定最高和最低水位过程，以控制水库运行，因此，程序可依据不同高度原则进行调节计算。
时段长短右为月、半月、旬、周、日和时，但同一计算期内计算方法和时段长度必须相同。
利用系统N峰~N平曲线（由电量累积曲线计算），已知平均出力计算峰荷出力（用于调峰水电站）。
分别用试算法或图解法计算，但图解法精度较差，建议尽量不用。

                                二、计 算 方 法

年内分计算期，计算期内又分计算时段，程序按时序对计算期和计算时段计算。
计算期是调节计算的分期，如年内分为汛期（其中含排砂期）、蓄水期和供水期等，依计算的目的和要求不同，每个计算期用一定的方法计算。为满足调节计算要求，本程序列出了经常使用的5种计算方法，即
方法1：已知计算期内各时段的水位和来水流量做调节计算，该方法适用于径流式水电站、水库汛期或排砂期等调节计算。
方法 2：要求满足系统负荷和下游综合需水流量情况下，用水库的最高和最低水位来控制水库运行。该方法用于已知发电流量和下游需水流量时的调节计算。
方法 3：等流量计算法，程序用推理法导出，用于任意不同流量组合的等流量计算。
方法 4：等出力计算法。
方法 5：定出力计算法。
方法 4和方法5中，试算法有时迭代不收敛，特别对于低水头电站，由于计算水头和流量递增或递降不一引起的迭代计算不收敛。因此，为不使计算中断，程序采用试算法、图解法和等流量法相结合的方法计算，即程序优先用试算法，不收敛时再用图解法，否则用等流量法结束计算，或者用图解法计算，计算不收敛时再用等流量法计算。
   
                            三、输 入 变 量

程序数据文件用FORTRAN语言自由格式写入，文件名为"_____. int", 数据顺序如下：
k1, k2, k3, k4, k5, k6, k7。
K1      计算年数
K2      年内计算期数目
K3      年内总时段数
K4      库容曲线结点数
K5      下游河道q～h关系曲线结点数
K6      fai～q工作曲线（图解法）结点数
K7      N峰（峰荷出力）～N平（平均出力）曲线结点数
K1～K7必须>１。
np 。
np      用定出力计算时np=1；否则np=0
   （3）epsv,epsn,mzvax,mznax 。
epsv     允许库容迭代差，一般为0.1~5.0 s.m3/月
epsn     允许出力迭代差，一般为0.0001~1.0×104kw
mzvax    库容迭代计算最大次数，一般用10~200次
mznax    出力迭代计算最大次数，一般用100~1000次
   （4）b1,b2,b3。
b1    出力迭代计算控制弃水处理的参数，一般选用0.0~5.0 s ·m3/月
b2    出力迭代计算中调整预算设出力迭代步长的参数，一般为―0.4~0.0
b3    库容迭代计算中调整库容步长的参数，一般用0.4~4.0 s·m3/月
   （5）am, a0, a1。
am   等出力计算中预设流量扩大倍数，其值为1.0~1.1
a0    等出力中预设出力扩大倍数，其值为1.0~1.102
a1    出力步长修正系数，一般用0.009~2.0
   （6）as1,vbs,vmn。
as1    出力系数
vbs    年内第一时段开始时的库容
vmn    vmn=1,成果表中库容单位为×108m3；vmn=0. ,单位为s ·m3/月
   （7）kdcinf,ndelnf。
kdcinf    等出力计算中，kdcinf=1，用图解法计算；kdcinf=0，否
ndelnf    定出力计算中，ndelnf=1，用图解法计算；ndelnf=0，否
   （8）kfirst,dhjang。
nfirst    年内第一个时段序号。作用是在不改变入库流量数据顺序情况下，可从任何      
         时段开始计算
dhjang    水头损失
   （9）kyear(j)。
kyear(j)   年序，数值为四位整数。 J=1，k1
   （10）thmon(I)。
thmon(I)  时段序号，实数形式：××[月]××[日]××[时]。I=1，k3
   （11）timen(k)库容单位换算系数，k=1，k2。当库容由s·m3/月换算成s·m3/0.5月，
                 旬，日，时时timen3(k)的相应数值分别为2. ,3. ,30.4167,730
   （12）liab(k)。
liab(k)       每个计算期第一时段序号。k=1，k2
   （13）liac(k)。
liac（k）    每个计算期最末时段序号。k=1，k2
   （14）libc（k）。
    libc（k）    每个计算期时段序号的步长。k=1，k2
   （15）nbehau（k）。
    nbehau（k）     计算方法的序号，当nbehau（k）=1，2，3，4，5时别对应五种
                 计算方法进行调节计算，k=1，k2
   （16）kcptn（I）。
    kcptn（I）  N峰~N平曲线的序号，kcptn（I）=1，2，3，4时，则分别对应4条负荷曲线。如果k7<=1，该数组不赋值。I=1，k3
   （17）qj（I，j）。
 qj（I，j）      入库流量，I=1，k3，j=1，nreay
   （18）qw（I）。
 qw（I）       上游综合用水流量，I=1, k3
   （19）vstart（I）。
    vstart（I）      与特征水位相应库容，I=1，k3
   （20）qsh（I）。
    qsh（I）        最小发电流量和下游综合需水流量，I=1，k3
   （21）dtt（I）。
    dtt（I）        计算时段长，I=1，k3
   （22）con（I）。
    con（I）       已知出力。如果np=0，则不赋值。I=1，k3
   （23）hh（k）。
    hh（k）       图解法按水库消落深度划分的发电水头。一般其最大水头略大于消落深度，且水头的数目不宜太少，以保证计算精度。K=1，k6。当K6=1                 时，不输入该数组的值
   （24）vv（j）。
    vv（j）       库容曲线结点库容值。J=1，k4
   （25）hv（j）。
    hv（j）       库容曲线结点水位值。J=1，k4
   （26）ss（I）。
    ss（I）       下游河道水位流量关系曲线结点流量值，I=1，k5
   （27）hs（I）。
     hs（I）       下游河道水位流量关系曲线结点水位值，I=1，k5
   （28）cpnl（k）。
    cpnl（k）      第一条N峰~N平曲线的结点平均出力值，k=1，k7
   （29）tnhl（k）。
    tnhl（k）      第一条N峰~N平曲线的结点峰荷出力值，k=1，k7
   （30）cpn2（k）。
    cpn2（k）     第二条N峰~N平曲线的结点平均出力值，k=1，k7
   （31）tnh2（k）。
    tnh2（k）     第二条N峰~N平曲线的结点峰荷出力值，k=1，k7
   （32）cpn3（k）。
    cpn3（k）     第三条N峰~N平曲线的结点平均出力值，k=1，k7
   （33）tnh3（k）。
    tnh3（k）     第三条N峰~N平曲线的结点峰荷出力值，k=1，k7
   （34）cpn4（k）。
    cpn4（k）    第四条N峰~N平曲线的结点平均出力值。k=1，k7
   （35）tnh4（k）。
    tnh4（k）   第四条N峰~N平曲线的结点峰荷出力值，k=1，k7
               当k7=1时，不输入（28）~（35）中各数组的值；当k7>1时，则输入
   （36）vmax（I）。
    vmax（I）    调度线的上限水位对应的库容，I=1，k3
   （37）vmin（I）。
    vmin（I）    调度线的下限水位对应的库容，I=1，k3

                           四、输出成果和信息

输出成果

   C-14程序有两个成果表在名为"____.OUT"的文件中，成果表头变量如下：
   m      时段序号，见thmon(I)数组说明
   dt     时段长度（hour），同dtt(I)
   qj     入库流量（m3/s），同qj(I,j)
   qo     发电流量（m3/s）
   qb     弃水流量（m3/s）
   qw     综合用水（m3/s）
   h      水库水位（m）
   v      库容（s·m3/月或×108m3）
   n      出力（×104kw）
   e      电量（×108kw·h）
   fn     峰荷出力（×104kw）
   dh     水头（m）
   cncp   多年平均出力（×104kw）
   eqcp   多年平均电量（×108kw·h）
   cpdh   多年平均水头（m）
   cndh   出力加权水头（m）
   epdh   电量加权水头（m）
   输入数据的单位基本同成果表中的单位，惟库容仅用s·m3/月。
   
输出信息

   在屏幕上视计算情况，可能显示以下信息：
"hmax=11500",本程序设置的总体数组元素数。
"hs(50)=* * * * *",计算题目利用的总体数组元素数。当ks(50)大于11500时，程序中断计算，溢出。
"i=* * * *时段，蓄水期计算，库水位较低，计算溢出，适当减小流量数组qsh"。
"第k=*  *  *时段不收敛，收用图解法计算"。
"迭代不收敛，以下用等流量法计算"。
"下表为等到流量计算成果"。
"qi(*  *)越界，图解法工作曲线范围较小，修改数组hh后再算"。

五、使用方法和算例

    1、使用方法

     点击‘数据来源’介面，点击算例数据文件，算例的数据即进入相应的数据框中，然后点击‘计算’，即得算例的文本结果。
     在数据框中填入自己的数据，以自己命名的文件存盘，可将自己工程的数据存为数据文件，点击‘计算’，即得文本结果。
计算结果为汉字的计算书，一目了然。

2、算例
×××水电站为年调节水库，已知库容曲线、下游水位流量关系曲线，在电网中承担调峰任务，已有冬、夏二季的N峰~N平曲线，保证年入库和上游用水流量，5~7月电网需要的出力等，计算保证年峰荷出力和电量等。
首先根据电力系统、泥沙、防洪和防凌等任务，结合库容、入库径流和机组参数等，划分年内计算期和时段，拟定相应的水位和计算方法，结果如下 ：

        计 算 期      时段长  时段数    方法          水位               备注
      8月——9月       月      2        1       全期为152              排沙期
          10月         半月    2        1        15日为166，31为170
    11月  1—— 8日    日      8      3（或2）  8日为174.18
    11月  9——23日    日     15        4        23日为170
    11月 24——30日    日      7        1        全期为170
     12月——3月       月      4        2        最低170.3最高177      蓄水期
          4月           月     1        1        月底为180              蓄水期
      5月——7月       月      3        5        7月底为152            供水期
     
    表中，最高蓄水位180m，正常蓄水位177m，汛期最低水位152m，冬、春机组允许最低水位170m。
出力系数asl=8.3, 库容允许差epsv=2.0S·m3/月，出力允许差epsn=0.01×104kW。其它参数见数据文件"thai.int"。
为使用图解法，把46~87m范围内的水头划分12个水头，因此fai~q，曲线结点数是12，其他曲线的结点为10个。
将以上资料按要求写入数据文件，运算后，即可在屏幕和输出文件中得到计算说明书。

算例数据文件如下（C--14.INT）：
01,8,42,10,10,12,10
1
3.,0.0100,20, 300
1.0, 0.5, 2.0
1.010,1.001,0.98
8.3,1.065,0.
0,0
1,0.
1977
083124.77,093024.77,101524.77,103124.77,110124.77,
110224.77,110324.77,110424.77,110524.77,110624.77,
110724.77,110824.77,110924.77,111024.77,111124.77,
111224.77,111324.77,111424.77,111524.77,111624.77,
111724.77,111824.77,111924.77,112024.77,112124.77,
112224.77,112324.77,112424.77,112524.77,112624.77,
112724.77,112824.77,112924.77,113024.77,123124.77,
013124.78,022824.78,033124.78,043024.78,053124.78,
063024.78,073124.78
1.00,2.00,30.4167,30.4167,30.4167,1.0,1.0,1.0
1,3,5,13,28,35,39,40
2,4,12,27,34,38,39,42
8*1
1,1,3,4,1,2,1,5
2,3*1,33*3,2*1,3*2
312.,491.,301.,301.,607.,545.,506.,512.,577.,491.,
449.,419.,361.,317.,306.,295.,284.,257.,250.,250.,
250.,250.,250.,250.,253.,292.,350.,390.,390.,390.,
390.,390.,390.,390.,511.,499.,573.,487.,565.,250.,
250.,250.
34*44,5*45,3*44
2*1.065,47.184,79.262,7*0.,116.840,14*0.,8*79.262,3*0.,
142.694,170.545,0.,0.,1.065
34*0.,5*260.,3*0.,
744.,720.,372.,372.,30*24,2*744.,678.,744.,720.,744.,720.,744.
39*0.,16.39,15.56,12.22
46.,48.,55.,60.,63.,66.,69.,74.,77.,80.,85.,87.
0.,1.066,3.957,17.352,27.397,47.184,79.262,124.657,170.548,201.295
150,152,155,160,162,166,170,175,180,182
90.,275.,520.,770.,850.,975.,1240.,1575.,1875.,2280.
 98, 98.5, 99, 99.35, 99.5, 99.65,100,100.35,100.65,101.
0.,5.,10.,12.5,15.,17.5,20.,25.,30.,40.
0,61,101,116,131,146,156,176,196,228
0,5,7.5,10,12.5,15.0,20,25,30,35
0,24,36,48,60,72,96,120,144,164
0,5,10,15,17.5,20,22.5,25,30,35
0,40,71,162,116,132,146,160,184,207
10*0.,
10*0.,
2*1.065,47.184,79.262,34*142.694,170.548,170.548,142.694,47.184
3*1.065,47.184,35*79.262,3*1.065

计算结果如下（C-14.OUT）
                              调  节  计  算  说  明  书
 
     计算年数     年内计算期数目   年内总时段数  库容曲线结点数
        K1              K2              K3             k4      
         1               8              42              10
 
     下游河道q\h关系曲线结点数  fai\q工作曲线结点数 峰荷出力\平均出力曲线结点数
               K5                        k6                   K7              
               10                        12                   10
     是否用定出力计算 np=  1
     允许库容迭代差 允许出力迭代差 库容迭代最大次数 出力迭代最大次数
          epsv           epsn            mzvax           mznax      
          3.00          .0100              20             300
 
       出力迭代计算中         出力迭代计算中          库容迭代计算中  
     控制弃水处理的参数 调整预设出力迭代步长的参数  调整库容步长的参数
             b1                    b2                       b3        
             1.0                    .5                      2.0
 
     预设流量扩大倍数  预设出力扩大倍数  步长修正系数
            am                a0              a1     
           1.01             1.0010            .980
 
     出力系数  年开始时段的库容  库容单位参数
       asl           vbs             vmn     
      8.3           1.07              0.
 
     是否用图解法计算等出力 是否用图解法计算定出力
             kdcinf                 ndeinf        
                0                      0
 
     年内第一个时段序号  水头损失
           kfirst         dhjang 
               1           .000
 
     年序 KYEAR(I),I=1,    1
         1977
     时段序号 THMON(J),J=1,   42
         83125.    93025.   101525.   103125.   110125.   110225.   110325.   110425.
        110525.   110625.   110725.   110825.   110925.   111025.   111125.   111225.
        111325.   111425.   111525.   111625.   111725.   111825.   111925.   112025.
        112125.   112225.   112325.   112425.   112525.   112625.   112725.   112825.
        112925.   113025.   123125.    13125.    22825.    33125.    43025.    53125.
         63025.    73125.
     库容单位换算系数 TIMEM3(K),K=1,   8
         1.00    2.00   30.42   30.42   30.42    1.00    1.00    1.00
     计算期第一时段序号 KIAB(I),I=1,   8
            1       3       5      13      28      35      39      40
            2       4      12      27      34      38      39      42
     计算期时段序号的步长 KIBC(K),K=1,   8
            1       1       1       1       1       1       1       1
     计算方法的序号 NBEHAU(I),I=1,   8
            1       1       3       4       1       2       1       5
     N峰\N平曲线的序号 KCPTN(J),J=1,  42
            2       1       1       1       3       3       3       3
            3       3       3       3       3       3       3       3
            3       3       3       3       3       3       3       3
            3       3       3       3       3       3       3       3
            3       3       3       3       3       1       1       2
            2       2
     入库流量 (QJ(I,J),I=1,    1),J=1,   42
         312.    491.    301.    301.    607.    545.    506.    512.
         577.    491.    449.    419.    361.    317.    306.    295.
         284.    257.    250.    250.    250.    250.    250.    250.
         253.    292.    350.    390.    390.    390.    390.    390.
         390.    390.    511.    499.    573.    487.    565.    250.
         250.    250.
     综合用水流量 QW(K),K=1,  42
          44.     44.     44.     44.     44.     44.     44.     44.
          44.     44.     44.     44.     44.     44.     44.     44.
          44.     44.     44.     44.     44.     44.     44.     44.
          44.     44.     44.     44.     44.     44.     44.     44.
          44.     44.     45.     45.     45.     45.     45.     44.
          44.     44.
     与特征水位相应的库容 VSTART(I),I=1,  42
         1.07    1.07   47.18   79.26     .00     .00     .00     .00
          .00     .00     .00  116.84     .00     .00     .00     .00
          .00     .00     .00     .00     .00     .00     .00     .00
          .00     .00   79.26   79.26   79.26   79.26   79.26   79.26
        79.26   79.26     .00     .00     .00  142.69  170.54     .00
          .00    1.07
     满足系统负荷要求的最小发电流量 QSH(I),I=1,  42
           0.      0.      0.      0.      0.      0.      0.      0.
           0.      0.      0.      0.      0.      0.      0.      0.
           0.      0.      0.      0.      0.      0.      0.      0.
           0.      0.      0.      0.      0.      0.      0.      0.
           0.      0.    260.    260.    260.    260.    260.      0.
           0.      0.
     计算时段长 DTT(K),K=1,  42
         744.    720.    372.    372.     24.     24.     24.     24.
          24.     24.     24.     24.     24.     24.     24.     24.
          24.     24.     24.     24.     24.     24.     24.     24.
          24.     24.     24.     24.     24.     24.     24.     24.
          24.     24.    744.    744.    678.    744.    720.    744.
         720.    744.
     已知出力 CNO(J),J=1,  42
        .0000   .0000   .0000   .0000   .0000   .0000   .0000   .0000
        .0000   .0000   .0000   .0000   .0000   .0000   .0000   .0000
        .0000   .0000   .0000   .0000   .0000   .0000   .0000   .0000
        .0000   .0000   .0000   .0000   .0000   .0000   .0000   .0000
        .0000   .0000   .0000   .0000   .0000   .0000   .0000 16.3900
      15.5600 12.2200
     图解法按水库消落深度划分的发电水头 HH(I),I=1,  12
        46.00   48.00   55.00   60.00   63.00   66.00   69.00   74.00
        77.00   80.00   85.00   87.00
     库容曲线结点库容值 VV(J),J=1,  10
          .00    1.07    3.96   17.35   27.40   47.18   79.26  124.66
       170.55  201.29
     库容曲线结点水位值 HV(K),K=1,  10
       150.00  152.00  155.00  160.00  162.00  166.00  170.00  175.00
       180.00  182.00
     下游河道水位流量关系曲线结点流量值 SS(I),I=1,  10
          90.    275.    520.    770.    850.    975.   1240.   1575.
        1875.   2280.
     下游河道水位流量关系曲线结点水位值 HS(J),J=1,  10
        98.00   98.50   99.00   99.35   99.50   99.65  100.00  100.35
       100.65  101.00
     第一条N峰\N平曲线的结点平均出力值 CPN1(K),K=1,  10
         .000   5.000  10.000  12.500  15.000  17.500  20.000  25.000
       30.000  40.000
     第一条N峰\N平曲线的结点峰荷出力值 TNH1(I),I=1,  10
         .000  61.000 101.000 116.000 131.000 146.000 156.000 176.000
      196.000 228.000
     第二条N峰\N平曲线的结点平均出力值 CPN2(K),K=1,  10
         .000   5.000   7.500  10.000  12.500  15.000  20.000  25.000
       30.000  35.000
     第二条N峰\N平曲线的结点峰荷出力值 TNH2(I),I=1,  10
         .000  24.000  36.000  48.000  60.000  72.000  96.000 120.000
      144.000 164.000
     第三条N峰\N平曲线的结点平均出力值 CPN3(K),K=1,  10
         .000   5.000  10.000  15.000  17.500  20.000  22.500  25.000
       30.000  35.000
     第三条N峰\N平曲线的结点峰荷出力值 TNH3(I),I=1,  10
         .000  40.000  71.000 162.000 116.000 132.000 146.000 160.000
      184.000 207.000
     第四条N峰\N平曲线的结点平均出力值 CPN4(K),K=1,  10
         .000    .000    .000    .000    .000    .000    .000    .000
         .000    .000
     第四条N峰\N平曲线的结点峰荷出力值 TNH4(I),I=1,  10
         .000    .000    .000    .000    .000    .000    .000    .000
         .000    .000
     上调度线(库容) VMAX(J),J=1,  42
         1.07    1.07   47.18   79.26  142.69  142.69  142.69  142.69
       142.69  142.69  142.69  142.69  142.69  142.69  142.69  142.69
       142.69  142.69  142.69  142.69  142.69  142.69  142.69  142.69
       142.69  142.69  142.69  142.69  142.69  142.69  142.69  142.69
       142.69  142.69  142.69  142.69  142.69  142.69  170.55  170.55
       142.69   47.18
     下调度线(库容) VMIN(K),K=1,  42
         1.07    1.07    1.07   47.18   79.26   79.26   79.26   79.26
        79.26   79.26   79.26   79.26   79.26   79.26   79.26   79.26
        79.26   79.26   79.26   79.26   79.26   79.26   79.26   79.26
        79.26   79.26   79.26   79.26   79.26   79.26   79.26   79.26
        79.26   79.26   79.26   79.26   79.26   79.26   79.26    1.07
         1.07    1.07
 
                                  1977----1978
     时  段   时   入库   发电   弃水   供水    水     库      出      电     峰荷     水     
    序  号   段   流量   流量   流量   流量    位     容      力      量     出力     头     
      M      DT    QJ     QO     QB     QW     H       V       N       E      F       DH  
     83125. 744.   312.   268.     0.    44. 152.00    1.07   11.90     .89   57.14  53.52
     93025. 720.   491.   447.     0.    44. 152.00    1.07   19.72    1.42  154.87  53.15
    101525. 372.   301.   165.     0.    44. 166.00   47.18    8.64     .32   90.08  63.15
    103125. 372.   301.   193.     0.    44. 170.00   79.26   11.16     .42  107.96  69.72
    110125. 24.   607.   326.     0.    44. 170.86   87.04   19.46     .05  128.52  71.82
    110225. 24.   545.   326.     0.    44. 171.49   92.78   19.66     .05  129.81  72.57
    110325. 24.   506.   326.     0.    44. 171.98   97.24   19.81     .05  130.79  73.13
    110425. 24.   512.   326.     0.    44. 172.49  101.90   19.95     .05  131.66  73.63
    110525. 24.   577.   326.     0.    44. 173.24  108.69   20.12     .05  132.66  74.26
    110625. 24.   491.   326.     0.    44. 173.68  112.66   20.28     .05  133.55  74.85
    110725. 24.   449.   326.     0.    44. 173.96  115.24   20.38     .05  134.10  75.22
    110825. 24.   419.   326.     0.    44. 174.14  116.84   20.44     .05  134.45  75.45
    110925. 24.   361.   302.     0.    44. 174.19  117.34   18.94     .05  125.24  75.61
    111025. 24.   317.   302.     0.    44. 174.09  116.39   18.94     .05  125.24  75.59
    111125. 24.   306.   302.     0.    44. 173.94  115.06   18.94     .05  125.24  75.46
    111225. 24.   295.   303.     0.    44. 173.75  113.34   18.94     .05  125.24  75.29
    111325. 24.   284.   304.     0.    44. 173.52  111.24   18.94     .05  125.24  75.08
    111425. 24.   257.   305.     0.    44. 173.19  108.21   18.94     .05  125.24  74.79
    111525. 24.   250.   307.     0.    44. 172.82  104.90   18.94     .05  125.24  74.44
    111625. 24.   250.   308.     0.    44. 172.45  101.54   18.94     .05  125.24  74.07
    111725. 24.   250.   310.     0.    44. 172.08   98.14   18.94     .05  125.24  73.70
    111825. 24.   250.   311.     0.    44. 171.70   94.67   18.94     .05  125.23  73.31
    111925. 24.   250.   313.     0.    44. 171.31   91.16   18.94     .05  125.23  72.93
    112025. 24.   250.   315.     0.    44. 170.92   87.58   18.94     .05  125.23  72.53
    112125. 24.   253.   316.     0.    44. 170.53   84.05   18.94     .05  125.23  72.14
    112225. 24.   292.   318.     0.    44. 170.28   81.76   18.94     .05  125.23  71.81
    112325. 24.   350.   318.    -2.    44. 170.00   79.26   18.94     .05  125.23  71.66
    112425. 24.   390.   346.     0.    44. 170.00   79.26   20.49     .05  134.75  71.36
    112525. 24.   390.   346.     0.    44. 170.00   79.26   20.49     .05  134.75  71.36
    112625. 24.   390.   346.     0.    44. 170.00   79.26   20.49     .05  134.75  71.36
    112725. 24.   390.   346.     0.    44. 170.00   79.26   20.49     .05  134.75  71.36
    112825. 24.   390.   346.     0.    44. 170.00   79.26   20.49     .05  134.75  71.36
    112925. 24.   390.   346.     0.    44. 170.00   79.26   20.49     .05  134.75  71.36
    113025. 24.   390.   346.     0.    44. 170.00   79.26   20.49     .05  134.75  71.36
    123125. 744.   511.   403.     0.    45. 176.97  142.69   24.97    1.86  159.84  74.73
     13125. 744.   499.   454.     0.    45. 176.97  142.69   29.43    2.19  181.26  78.10
     22825. 678.   573.   528.     0.    45. 176.97  142.69   34.16    2.32  203.15  77.95
     33125. 744.   487.   442.     0.    45. 176.97  142.69   28.66    2.13  190.64  78.12
     43025. 720.   565.   492.     0.    45. 180.00  170.54   32.49    2.34  203.97  79.54
     53125. 744.   250.   249.     0.    44. 175.29  127.30   16.39    1.22   78.67  79.21
     63025. 720.   250.   252.     0.    44. 170.20   81.08   15.56    1.12   74.69  74.31
     73125. 744.   250.   212.    34.    44. 164.74   40.97   12.22     .91   58.66  69.40
 
     弃水      平均       电       平均      出力       电量
     流量      出力       量       水头    加权水头   加权水头
      QB       CNCP      EQCP      CPDH      CNDH       EQDH
       32.    19.833    18.536     72.61     73.26     73.45
     计算结束  O.K.!
