01,8,42,10,10,12,10
1
3.,0.0100,20, 300
1.0, 0.5, 2.0
1.010,1.001,0.98
8.3,1.065,0.
0,0
1,0.
1977
083124.77,093024.77,101524.77,103124.77,110124.77
110224.77,110324.77,110424.77,110524.77,110624.77
110724.77,110824.77,110924.77,111024.77,111124.77
111224.77,111324.77,111424.77,111524.77,111624.77
111724.77,111824.77,111924.77,112024.77,112124.77
112224.77,112324.77,112424.77,112524.77,112624.77
112724.77,112824.77,112924.77,113024.77,123124.77
013124.78,022824.78,033124.78,043024.78,053124.78
063024.78,073124.78
1.00,2.00,30.4167,30.4167,30.4167,1.0,1.0,1.0
1,3,5,13,28,35,39,40
2,4,12,27,34,38,39,42
1,1,1,1,1,1,1,1
1,1,3,4,1,2,1,5
2,1,1,1,3,3,3,3,3,3
3,3,3,3,3,3,3,3,3,3
3,3,3,3,3,3,3,3,3,3
3,3,3,3,3,3,3,1,1,2,2,2
312.,491.,301.,301.,607.,545.,506.,512.,577.,491.
449.,419.,361.,317.,306.,295.,284.,257.,250.,250.
250.,250.,250.,250.,253.,292.,350.,390.,390.,390.
390.,390.,390.,390.,511.,499.,573.,487.,565.,250.
250.,250.
44,44,44,44,44,44,44,44,44,44
44,44,44,44,44,44,44,44,44,44
44,44,44,44,44,44,44,44,44,44
44,44,44,44,45,45,45,45,45,44
44,44
1.065,1.065,47.184,79.262,0,0,0,0
0,0,0,116.840,0.,0.,0.,0.
0.,0.,0.,0.,0.,0.,0.,0.
0.,0.,79.262,79.262,79.262,79.262,79.262,79.262,79.262
79.262,0.,0.,0.,142.694,170.545,0.,0.,1.065
0.,0.,0.,0.,0.,0.,0.,0.,0.,0.,0.,0.,0.,0.,0.,0.,0.,0.,0.,0.,0.,0.,0.,0.,0.,0.,0.,0.,0.,0.,0.,0.,0.,0.,260.,260.,260.,260.,260.,0.,0,0
744.,720.,372.,372.,24,24,24,24,24,24,24,24,24,24,24,24,24,24,24,24,24,24,24,24,24,24,24,24,24,24,24,24,24,24,744.,744.,678.,744.,720.,744.,720.,744.
0,0,0,0,0,0,0,0,0
0,0,0,0,0,0,0,0,0,0
0,0,0,0,0,0,0,0,0,0
0,0,0,0,0,0,0,0,0,0
16.39,15.56,12.22
46.,48.,55.,60.,63.,66.,69.,74.,77.,80.,85.,87.
0.,1.066,3.957,17.352,27.397,47.184,79.262,124.657,170.548,201.295
150,152,155,160,162,166,170,175,180,182
90.,275.,520.,770.,850.,975.,1240.,1575.,1875.,2280.
 98, 98.5, 99, 99.35, 99.5, 99.65,100,100.35,100.65,101.
0.,5.,10.,12.5,15.,17.5,20.,25.,30.,40.
0,61,101,116,131,146,156,176,196,228
0,5,7.5,10,12.5,15.0,20,25,30,35
0,24,36,48,60,72,96,120,144,164
0,5,10,15,17.5,20,22.5,25,30,35
0,40,71,162,116,132,146,160,184,207
0,0,0,0,0,0,0,0,0,0
0,0,0,0,0,0,0,0,0,0
1.065,1.065,47.184,79.262,142.694,142.694,142.694,142.694,142.694,142.694,142.694,142.694,142.694,142.694,142.694,142.694,142.694,142.694,142.694,142.694,142.694,142.694,142.694,142.694,142.694,142.694,142.694,142.694,142.694,142.694,142.694,142.694,142.694,142.694,142.694,142.694,142.694,142.694,170.548,170.548,142.694,47.184
1.065,1.065,1.065,47.184,79.262,79.262,79.262,79.262,79.262,79.262,79.262,79.262,79.262,79.262,79.262,79.262,79.262,79.262,79.262,79.262,79.262,79.262,79.262,79.262,79.262,79.262,79.262,79.262,79.262,79.262,79.262,79.262,79.262,79.262,79.262,79.262,79.262,79.262,79.262,1.065,1.065,1.065
