*****************************************************************************
*******                   两种供水保证率的水库径流调节计算书 C-3                    *******
*****************************************************************************

径流系列年数 N = 20
允许最大的兴利库容 VM = 7000.0
兴利库容递减的幅度 DX = 50.0
高保证率(例如工业用水)的供水保证率 PA = 0.900
低保证率(例如农业用水)的供水保证率 PB = 0.700
K>0 表示保证率以年统计. K = 1
每年起始月份 (如日历年 M0=1,水文年一般为6) M0 = 6

计算结果:
  年   月  月径流量  高保证率供水 低保证率供水 蒸发渗漏月损失量
 1958   6     393       182         0        57
 1958   7    2244       182         0        57
 1958   8    2483       182         0        57
 1958   9     187       182         0        57
 1958  10     106       182         0        57
 1958  11     759       311         0        57
 1958  12     130       311         0        57
 1959   1      86       311         0        57
 1959   2     454       311         0        57
 1959   3     967       182         0        57
 1959   4    1949       182         0        57
 1959   5     578       182         0        57
 1959   6    1440       182         0        57
 1959   7    1117       182         0        57
 1959   8     271       182         0        57
 1959   9     333       182         0        57
 1959  10     307       182         0        57
 1959  11     144       311         0        57
 1959  12     564       311         0        57
 1960   1     237       311         0        57
 1960   2     209       311         0        57
 1960   3     725       182         0        57
 1960   4     711       182         0        57
 1960   5     528       182         0        57
 1960   6     787       182         0        57
 1960   7     780       182         0        57
 1960   8     213       182         0        57
 1960   9    2248       182         0        57
 1960  10     191       182         0        57
 1960  11     225       311         0        57
 1960  12     225       311         0        57
 1961   1     157       311         0        57
 1961   2      38       311         0        57
 1961   3     211       182         0        57
 1961   4     133       182         0        57
 1961   5     120       182         0        57
 1961   6     132       182         0        57
 1961   7     109       182         0        57
 1961   8     123       182         0        57
 1961   9     132       182         0        57
 1961  10      48       182         0        57
 1961  11     513       311         0        57
 1961  12      92       311         0        57
 1962   1      59       311         0        57
 1962   2      61       311         0        57
 1962   3      41       182         0        57
 1962   4      49       182         0        57
 1962   5      73       182         0        57
 1962   6     122       182         0        57
 1962   7     112       182         0        57
 1962   8    2230       182         0        57
 1962   9     405       182         0        57
 1962  10     674       182         0        57
 1962  11    2053       311         0        57
 1962  12     405       311         0        57
 1963   1      55       311         0        57
 1963   2      68       311         0        57
 1963   3     142       182         0        57
 1963   4     229       182         0        57
 1963   5    4503       182         0        57
 1963   6    1118       182         0        57
 1963   7     128       182         0        57
 1963   8    8424       182         0        57
 1963   9    2197       182         0        57
 1963  10     497       182         0        57
 1963  11       0       311         0        57
 1963  12       0       311         0        57
 1964   1       0       311         0        57
 1964   2     134       311         0        57
 1964   3     260       182         0        57
 1964   4    4303       182         0        57
 1964   5    4225       182         0        57
 1964   6     387       182         0        57
 1964   7     554       182         0        57
 1964   8    1274       182         0        57
 1964   9    2788       182         0        57
 1964  10    3686       182         0        57
 1964  11     494       311         0        57
 1964  12     236       311         0        57
 1965   1      61       311         0        57
 1965   2     114       311         0        57
 1965   3     327       182         0        57
 1965   4     366       182         0        57
 1965   5     140       182         0        57
 1965   6     333       182         0        57
 1965   7    7550       182         0        57
 1965   8    1300       182         0        57
 1965   9      72       182         0        57
 1965  10      24       182         0        57
 1965  11      13       311         0        57
 1965  12       0       311         0        57
 1966   1       0       311         0        57
 1966   2       6       311         0        57
 1966   3     290       182         0        57
 1966   4      62       182         0        57
 1966   5      85       182         0        57
 1966   6      93       182         0        57
 1966   7     289       182         0        57
 1966   8     111       182         0        57
 1966   9      37       182         0        57
 1966  10      18       182         0        57
 1966  11      24       311         0        57
 1966  12      63       311         0        57
 1967   1      19       311         0        57
 1967   2      89       311         0        57
 1967   3     251       182         0        57
 1967   4     858       182         0        57
 1967   5     273       182         0        57
 1967   6     277       182         0        57
 1967   7    4627       182         0        57
 1967   8     277       182         0        57
 1967   9     944       182         0        57
 1967  10     365       182         0        57
 1967  11    1738       311         0        57
 1967  12     352       311         0        57
 1968   1     135       311         0        57
 1968   2     102       311         0        57
 1968   3     117       182         0        57
 1968   4     104       182         0        57
 1968   5     453       182         0        57
 1968   6     160       182         0        57
 1968   7    2013       182         0        57
 1968   8     835       182         0        57
 1968   9    2735       182         0        57
 1968  10    2306       182         0        57
 1968  11     142       311         0        57
 1968  12     121       311         0        57
 1969   1     157       311         0        57
 1969   2     852       311         0        57
 1969   3     754       182         0        57
 1969   4    1947       182         0        57
 1969   5     535       182         0        57
 1969   6     443       182         0        57
 1969   7     320       182         0        57
 1969   8    2158       182         0        57
 1969   9    4877       182         0        57
 1969  10     571       182         0        57
 1969  11      67       311         0        57
 1969  12      83       311         0        57
 1970   1      70       311         0        57
 1970   2     198       311         0        57
 1970   3     348       182         0        57
 1970   4     614       182         0        57
 1970   5     475       182         0        57
 1970   6     917       182         0        57
 1970   7     271       182         0        57
 1970   8      82       182         0        57
 1970   9     414       182         0        57
 1970  10     355       182         0        57
 1970  11     142       311         0        57
 1970  12      90       311         0        57
 1971   1      98       311         0        57
 1971   2     121       311         0        57
 1971   3     238       182         0        57
 1971   4     248       182         0        57
 1971   5     227       182         0        57
 1971   6    2976       182         0        57
 1971   7    1419       182         0        57
 1971   8    2127       182         0        57
 1971   9     183       182         0        57
 1971  10     218       182         0        57
 1971  11     667       311         0        57
 1971  12      95       311         0        57
 1972   1      98       311         0        57
 1972   2     258       311         0        57
 1972   3     821       182         0        57
 1972   4     481       182         0        57
 1972   5      86       182         0        57
 1972   6     455       182         0        57
 1972   7    4186       182         0        57
 1972   8     174       182         0        57
 1972   9     134       182         0        57
 1972  10     133       182         0        57
 1972  11     167       311         0        57
 1972  12      22       311         0        57
 1973   1      75       311         0        57
 1973   2     118       311         0        57
 1973   3      74       182         0        57
 1973   4     898       182         0        57
 1973   5    1634       182         0        57
 1973   6      45       182         0        57
 1973   7    1695       182         0        57
 1973   8     212       182         0        57
 1973   9     143       182         0        57
 1973  10      94       182         0        57
 1973  11       0       311         0        57
 1973  12       0       311         0        57
 1974   1       0       311         0        57
 1974   2      14       311         0        57
 1974   3     102       182         0        57
 1974   4     121       182         0        57
 1974   5    1004       182         0        57
 1974   6       0       182         0        57
 1974   7      67       182         0        57
 1974   8    2848       182         0        57
 1974   9     127       182         0        57
 1974  10    1181       182         0        57
 1974  11     162       311         0        57
 1974  12     133       311         0        57
 1975   1     147       311         0        57
 1975   2     266       311         0        57
 1975   3      38       182         0        57
 1975   4    1470       182         0        57
 1975   5     131       182         0        57
 1975   6     122       182         0        57
 1975   7     654       182         0        57
 1975   8   19600       182         0        57
 1975   9     640       182         0        57
 1975  10     643       182         0        57
 1975  11     179       311         0        57
 1975  12     442       311         0        57
 1976   1     102       311         0        57
 1976   2     336       311         0        57
 1976   3     126       182         0        57
 1976   4     171       182         0        57
 1976   5     123       182         0        57
 1976   6      57       182         0        57
 1976   7     774       182         0        57
 1976   8     611       182         0        57
 1976   9     332       182         0        57
 1976  10     105       182         0        57
 1976  11      75       311         0        57
 1976  12      46       311         0        57
 1977   1      27       311         0        57
 1977   2      23       311         0        57
 1977   3      14       182         0        57
 1977   4     192       182         0        57
 1977   5     387       182         0        57
 1977   6     238       182         0        57
 1977   7    1249       182         0        57
 1977   8     584       182         0        57
 1977   9     319       182         0        57
 1977  10     453       182         0        57
 1977  11     603       311         0        57
 1977  12     123       311         0        57
 1978   1     104       311         0        57
 1978   2     363       311         0        57
 1978   3     150       182         0        57
 1978   4      65       182         0        57
 1978   5      38       182         0        57

兴利库容 VX= 7000
限制库容 VY= 7000
高保证率供水遭受破坏年数 AY=   0
高保证率供水遭受破坏月数 AM=   0
低保证率供水遭受破坏年数 BY=  21
低保证率供水遭受破坏月数 BM= 215

  年   月    水库蓄量
 1958   6      154
 1958   7     2159
 1958   8     4403
 1958   9     4351
 1958  10     4218
 1958  11     4609
 1958  12     4371
 1959   1     4089
 1959   2     4175
 1959   3     4903
 1959   4     6613
 1959   5     6952
 1959   6     7000
 1959   7     7000
 1959   8     7000
 1959   9     7000
 1959  10     7000
 1959  11     6776
 1959  12     6972
 1960   1     6841
 1960   2     6682
 1960   3     7000
 1960   4     7000
 1960   5     7000
 1960   6     7000
 1960   7     7000
 1960   8     6974
 1960   9     7000
 1960  10     6952
 1960  11     6809
 1960  12     6666
 1961   1     6455
 1961   2     6125
 1961   3     6097
 1961   4     5991
 1961   5     5872
 1961   6     5765
 1961   7     5635
 1961   8     5519
 1961   9     5412
 1961  10     5221
 1961  11     5366
 1961  12     5090
 1962   1     4781
 1962   2     4474
 1962   3     4276
 1962   4     4086
 1962   5     3920
 1962   6     3803
 1962   7     3676
 1962   8     5667
 1962   9     5833
 1962  10     6268
 1962  11     7000
 1962  12     7000
 1963   1     6687
 1963   2     6387
 1963   3     6290
 1963   4     6280
 1963   5     7000
 1963   6     7000
 1963   7     6889
 1963   8     7000
 1963   9     7000
 1963  10     7000
 1963  11     6632
 1963  12     6264
 1964   1     5896
 1964   2     5662
 1964   3     5683
 1964   4     7000
 1964   5     7000
 1964   6     7000
 1964   7     7000
 1964   8     7000
 1964   9     7000
 1964  10     7000
 1964  11     7000
 1964  12     6868
 1965   1     6561
 1965   2     6307
 1965   3     6395
 1965   4     6522
 1965   5     6423
 1965   6     6517
 1965   7     7000
 1965   8     7000
 1965   9     6833
 1965  10     6618
 1965  11     6263
 1965  12     5895
 1966   1     5527
 1966   2     5165
 1966   3     5216
 1966   4     5039
 1966   5     4885
 1966   6     4739
 1966   7     4789
 1966   8     4661
 1966   9     4459
 1966  10     4238
 1966  11     3894
 1966  12     3589
 1967   1     3240
 1967   2     2961
 1967   3     2973
 1967   4     3592
 1967   5     3626
 1967   6     3664
 1967   7     7000
 1967   8     7000
 1967   9     7000
 1967  10     7000
 1967  11     7000
 1967  12     6984
 1968   1     6751
 1968   2     6485
 1968   3     6363
 1968   4     6228
 1968   5     6442
 1968   6     6363
 1968   7     7000
 1968   8     7000
 1968   9     7000
 1968  10     7000
 1968  11     6774
 1968  12     6527
 1969   1     6316
 1969   2     6800
 1969   3     7000
 1969   4     7000
 1969   5     7000
 1969   6     7000
 1969   7     7000
 1969   8     7000
 1969   9     7000
 1969  10     7000
 1969  11     6699
 1969  12     6414
 1970   1     6116
 1970   2     5946
 1970   3     6055
 1970   4     6430
 1970   5     6666
 1970   6     7000
 1970   7     7000
 1970   8     6843
 1970   9     7000
 1970  10     7000
 1970  11     6774
 1970  12     6496
 1971   1     6226
 1971   2     5979
 1971   3     5978
 1971   4     5987
 1971   5     5975
 1971   6     7000
 1971   7     7000
 1971   8     7000
 1971   9     6944
 1971  10     6923
 1971  11     7000
 1971  12     6727
 1972   1     6457
 1972   2     6347
 1972   3     6929
 1972   4     7000
 1972   5     6847
 1972   6     7000
 1972   7     7000
 1972   8     6935
 1972   9     6830
 1972  10     6724
 1972  11     6523
 1972  12     6177
 1973   1     5884
 1973   2     5634
 1973   3     5469
 1973   4     6128
 1973   5     7000
 1973   6     6806
 1973   7     7000
 1973   8     6973
 1973   9     6877
 1973  10     6732
 1973  11     6364
 1973  12     5996
 1974   1     5628
 1974   2     5274
 1974   3     5137
 1974   4     5019
 1974   5     5784
 1974   6     5545
 1974   7     5373
 1974   8     7000
 1974   9     6888
 1974  10     7000
 1974  11     6794
 1974  12     6559
 1975   1     6338
 1975   2     6236
 1975   3     6035
 1975   4     7000
 1975   5     6892
 1975   6     6775
 1975   7     7000
 1975   8     7000
 1975   9     7000
 1975  10     7000
 1975  11     6811
 1975  12     6885
 1976   1     6619
 1976   2     6587
 1976   3     6474
 1976   4     6406
 1976   5     6290
 1976   6     6108
 1976   7     6643
 1976   8     7000
 1976   9     7000
 1976  10     6866
 1976  11     6573
 1976  12     6251
 1977   1     5910
 1977   2     5565
 1977   3     5340
 1977   4     5293
 1977   5     5441
 1977   6     5440
 1977   7     6450
 1977   8     6795
 1977   9     6875
 1977  10     7000
 1977  11     7000
 1977  12     6755
 1978   1     6491
 1978   2     6486
 1978   3     6397
 1978   4     6223
 1978   5     6022

--------------------------------------------------------------

