C-3  两种供水保证的水库径流调节计算程序

作者  王建生(水电部天津勘测设计院)

一、功能
本程序可求出满足两种供水保证率的水库兴利库容及限制库容的数值范围，并对在以上范围内选取的几组兴利库容及限制库容进行径流调节计算和供水破坏深度的比较。通过以上计算成果的比较，可帮助选取水库的兴利库容及限制库容，作为水库设计的依据。

二、计算方法概要
本程序采取分别给兴利库容及限制库容赋值，进行试算，求其两种供水的保证率。的赋值从输入的允许最大兴利库容开始，逐次减少，直至计算出的保证率小于允许保证率为止。对于每一给定的，采用优选法找出能达到允许供水保证率的限制库容的上、下限。再在以上上下限范围内选择几组及计算供水破坏深度。通过以上选择和比较，最后选出合适的水库兴利库容及限制库容。

三、计算公式
水库径流调节计算的主要公式为：

式中：V--月末水库蓄量；
      V0--上月末水库蓄量；
      R--月径流量；
      A及B分别为两种供水的月水量；
      E--水库蒸发渗漏朋损失量。
若V<0则供水破坏。

四、主要标识符说明
N--径流系列年数；
PA--高保证率(例如工业用水)的供水保证率；
PB--低保证率(例如农业用水)的供水保证率；
VM--允许最大的兴利库容；
DX--兴利库容递减的幅度；
VX--兴利库容；
VY--限制库容；
MO--每年起始月份(如日历年，水文年一般为)；
AY--高保证率供水遭受破坏的年数；
AM--高保证率供水遭受破坏的月数；
BY--低保证率供水遭受破坏的年数；
BM--低保证率供水遭受破坏的月数；
PAY--高保证率供水年供水保证率；
PAM--高保证率供水月供水保证率；
PBY--低保证率供水年供水保证率；
PBM--低保证率供水月供水保证率；
K>0表示保证率以年统计；
K≤0表示保证率以月统计；
G>0表示需打印输入数据(以便校对使用)
G≤0表示不需打印输入数据
L>0表示需继续运算；
L≤0表示结束运算；
Y(99)--存放供水破坏年份数组；
M(99)--存放供水破坏月份数组；
V(99)--存放水库蓄量的数组；
YE(11)--存放年份的数组；
MO(11)--存放月份的数组；
R(11)--存放月径流量的数组；
A(11)--存放高保证率供水月水量的数组；
B(11)--存放低保证率供水月水量的数组；
E(11)--存放水库蒸发渗漏月损失量的数组。
数据文件顺序
A    高保证率供水月水量(12个数)
E    水库蒸发渗漏月损失量
年号
R，B    起始月    月径流量和低保证率供水月水量
 ┆       ┆           ┆
R，B    终止月    月径流量和低保证率供水月水量
┆       ┆           ┆
┆       ┆           ┆
年号
R，B    同上

五、操作说明

     点击‘数据来源’介面，点击算例数据文件，算例的数据即进入相应的数据框中，然后点击‘计算’， 按照提问输入数据即可，即得算例的文本结果。
     在数据框中填入自己的数据，以自己命名的文件存盘，可将自己工程的数据存为数据文件，点击‘计算’， 按照提问输入数据即可，即得文本结果。
计算结果为汉字的计算书，一目了然。。

六、算例
某水库有1958年6月至1978年5月共20年的逐月径流系列，其逐月工业用水(A)、灌溉用水(B)及水库损失量(E)如表1(单位为万立米)。工业用水的保证率为90%，灌溉用水的保证率为70%(保证率均以年统计)，试用时历法进行径流调节计算并选取合适的兴利库容及灌溉限制库容。
启动后输入N＝20、VM＝7000、DX＝50、PA＝0.9、PB=0.7、K=1、MO=6、G=1。经过较长时间的运算后打印出VX及VY及的上下限范围及供水破坏的次数(见表2)。在以上范围内不同的及值其供水保证率是相同的，但其供水破坏深度是不同的。一般情况下VX大则供水破坏浓度浅；在VX相同的情况下，VY愈大，则工业供水破坏愈浅，灌溉用水破坏愈深。本次选四组VX及VY，其分别为：
(一)VX=6900、VY=1420；(二)VX =6800、VY=1700；(三)VX =6800、VY=1320；(四)VX =6500、VY=1420。依次输入进行计算并打印出计算结果(见表3)。通过对照比较选出合适的VX及VY，作为水库设计的依据。
如果保证率是以月统计，工业用水及灌溉用水的保证率分别为98.5%及90%。启动后输入相应的数据、(其中K=0、ＰA=0.985、PB=0.90，其余数据同上)。

    数据文件为C-3.INT:
182,182,182,182,182,311,311,311,311,182,182,182
57,57,57,57,57,57,57,57,57,57,57,57
1958,393,551,2244,66,2483,319,187,204,106,302,759,0,130,0
86,0,454,0,967,0,1949,269,578,0
1959,1440,522,1117,572,271,528,333,319,307,269,144,269
564,0,237,0,209,0,725,0,711,0,528,0
1960,787,935,780,368,213,545,2248,0,191,269,225,269
225,0,157,0,38,269,211,0,133,341,120,0
1961,132,478,109,660,123,610,132,0,48,269,513,0
92,0,59,0,61,269,41,269,49,341,73,0
1962,122,428,112,407,2230,269,405,0,674,0,2053,0
405,0,55,0,68,269,142,0,229,0,4503,0
1963,1118,791,128,335,8424,66,2197,0,497,269,0,0
0,0,0,0,134,0,260,0,4303,0,4225,0
1964,387,633,554,66,1274,358,2788,0,3686,0,494,269
236,0,61,0,114,0,327,0,366,0,140,269
1965,333,863,7550,83,1300,204,72,66,24,341,13,0
0,0,0,0,6,341,290,0,62,66,85,270
1966,93,615,289,506,111,676,37,270,18,0,24,270
63,0,19,0,89,0,251,0,858,0,273,523
1967,277,682,4627,137,277,374,944,0,365,341,1738,0
352,0,135,0,102,0,117,0,104,270,453,0
1968,160,1094,2013,121,835,440,2735,0,2306,0,142,270
121,0,157,0,852,0,754,0,1947,0,535,0
1969,443,776,320,154,2158,314,4877,0,571,341,67,374
83,0,70,0,198,0,348,341,614,0,475,0
1970,917,567,271,121,82,578,414,0,355,270,142,270
90,0,98,0,121,0,238,0,248,270,227,0
1971,2976,424,1419,390,2127,154,183,270,218,0,667,0
95,0,98,0,258,302,821,0,481,302,86,0
1972,455,699,4186,121,174,852,134,77,133,0,167,0
22,0,75,0,118,0,74,302,898,0,1634,0
1973,45,567,1695,121,212,578,143,0,94,270,0,270
0,0,0,0,14,0,102,0,121,270,1004,0
1974,0,475,67,406,2848,380,127,0,1181,275,162,275
133,0,147,0,266,275,38,69,1470,0,131,0
1975,122,791,654,335,19600,66,640,0,643,269,179,0
442,0,102,0,336,0,126,0,171,0,123,0
1976,57,615,774,506,611,676,332,270,105,0,75,270
46,0,27,0,23,0,14,0,192,0,387,523
1977,238,567,1249,121,584,578,319,0,453,270,603,270
123,0,104,0,363,0,150,0,65,270,38,0
_


计算结果文件为C-3.OUT:
************************************************************
****          两种供水保证率的水库径流调节书            ****
************************************************************

输入数据:
径流系列年数 N =  20 
允许最大的兴利库容 VM =    7000.0
兴利库容递减的幅度 DX =  50
高保证率(例如工业用水)的供水保证率 PA =  0.900
低保证率(例如农业用水)的供水保证率 PB =  0.700
K>0 表示保证率以年统计,K<=0 保证率以月统计. K =  1 
每年起始月份 (如日历年 M0=1,水文年一般为6) M0 =  6 

计算结果:
  年   月  月径流量  高保证率供水 低保证率供水 蒸发渗漏月损失量
 1958   6      393         182          551            57
 1958   7     2244         182           66            57
 1958   8     2483         182          319            57
 1958   9      187         182          204            57
 1958  10      106         182          302            57
 1958  11      759         311            0            57
 1958  12      130         311            0            57
 1959   1       86         311            0            57
 1959   2      454         311            0            57
 1959   3      967         182            0            57
 1959   4     1949         182          269            57
 1959   5      578         182            0            57
 1959   6     1440         182          522            57
 1959   7     1117         182          572            57
 1959   8      271         182          528            57
 1959   9      333         182          319            57
 1959  10      307         182          269            57
 1959  11      144         311          269            57
 1959  12      564         311            0            57
 1960   1      237         311            0            57
 1960   2      209         311            0            57
 1960   3      725         182            0            57
 1960   4      711         182            0            57
 1960   5      528         182            0            57
 1960   6      787         182          935            57
 1960   7      780         182          368            57
 1960   8      213         182          545            57
 1960   9     2248         182            0            57
 1960  10      191         182          269            57
 1960  11      225         311          269            57
 1960  12      225         311            0            57
 1961   1      157         311            0            57
 1961   2       38         311          269            57
 1961   3      211         182            0            57
 1961   4      133         182          341            57
 1961   5      120         182            0            57
 1961   6      132         182          478            57
 1961   7      109         182          660            57
 1961   8      123         182          610            57
 1961   9      132         182            0            57
 1961  10       48         182          269            57
 1961  11      513         311            0            57
 1961  12       92         311            0            57
 1962   1       59         311            0            57
 1962   2       61         311          269            57
 1962   3       41         182          269            57
 1962   4       49         182          341            57
 1962   5       73         182            0            57
 1962   6      122         182          428            57
 1962   7      112         182          407            57
 1962   8     2230         182          269            57
 1962   9      405         182            0            57
 1962  10      674         182            0            57
 1962  11     2053         311            0            57
 1962  12      405         311            0            57
 1963   1       55         311            0            57
 1963   2       68         311          269            57
 1963   3      142         182            0            57
 1963   4      229         182            0            57
 1963   5     4503         182            0            57
 1963   6     1118         182          791            57
 1963   7      128         182          335            57
 1963   8     8424         182           66            57
 1963   9     2197         182            0            57
 1963  10      497         182          269            57
 1963  11        0         311            0            57
 1963  12        0         311            0            57
 1964   1        0         311            0            57
 1964   2      134         311            0            57
 1964   3      260         182            0            57
 1964   4     4303         182            0            57
 1964   5     4225         182            0            57
 1964   6      387         182          633            57
 1964   7      554         182           66            57
 1964   8     1274         182          358            57
 1964   9     2788         182            0            57
 1964  10     3686         182            0            57
 1964  11      494         311          269            57
 1964  12      236         311            0            57
 1965   1       61         311            0            57
 1965   2      114         311            0            57
 1965   3      327         182            0            57
 1965   4      366         182            0            57
 1965   5      140         182          269            57
 1965   6      333         182          863            57
 1965   7     7550         182           83            57
 1965   8     1300         182          204            57
 1965   9       72         182           66            57
 1965  10       24         182          341            57
 1965  11       13         311            0            57
 1965  12        0         311            0            57
 1966   1        0         311            0            57
 1966   2        6         311          341            57
 1966   3      290         182            0            57
 1966   4       62         182           66            57
 1966   5       85         182          270            57
 1966   6       93         182          615            57
 1966   7      289         182          506            57
 1966   8      111         182          676            57
 1966   9       37         182          270            57
 1966  10       18         182            0            57
 1966  11       24         311          270            57
 1966  12       63         311            0            57
 1967   1       19         311            0            57
 1967   2       89         311            0            57
 1967   3      251         182            0            57
 1967   4      858         182            0            57
 1967   5      273         182          523            57
 1967   6      277         182          682            57
 1967   7     4627         182          137            57
 1967   8      277         182          374            57
 1967   9      944         182            0            57
 1967  10      365         182          341            57
 1967  11     1738         311            0            57
 1967  12      352         311            0            57
 1968   1      135         311            0            57
 1968   2      102         311            0            57
 1968   3      117         182            0            57
 1968   4      104         182          270            57
 1968   5      453         182            0            57
 1968   6      160         182         1094            57
 1968   7     2013         182          121            57
 1968   8      835         182          440            57
 1968   9     2735         182            0            57
 1968  10     2306         182            0            57
 1968  11      142         311          270            57
 1968  12      121         311            0            57
 1969   1      157         311            0            57
 1969   2      852         311            0            57
 1969   3      754         182            0            57
 1969   4     1947         182            0            57
 1969   5      535         182            0            57
 1969   6      443         182          776            57
 1969   7      320         182          154            57
 1969   8     2158         182          314            57
 1969   9     4877         182            0            57
 1969  10      571         182          341            57
 1969  11       67         311          374            57
 1969  12       83         311            0            57
 1970   1       70         311            0            57
 1970   2      198         311            0            57
 1970   3      348         182          341            57
 1970   4      614         182            0            57
 1970   5      475         182            0            57
 1970   6      917         182          567            57
 1970   7      271         182          121            57
 1970   8       82         182          578            57
 1970   9      414         182            0            57
 1970  10      355         182          270            57
 1970  11      142         311          270            57
 1970  12       90         311            0            57
 1971   1       98         311            0            57
 1971   2      121         311            0            57
 1971   3      238         182            0            57
 1971   4      248         182          270            57
 1971   5      227         182            0            57
 1971   6     2976         182          424            57
 1971   7     1419         182          390            57
 1971   8     2127         182          154            57
 1971   9      183         182          270            57
 1971  10      218         182            0            57
 1971  11      667         311            0            57
 1971  12       95         311            0            57
 1972   1       98         311            0            57
 1972   2      258         311          302            57
 1972   3      821         182            0            57
 1972   4      481         182          302            57
 1972   5       86         182            0            57
 1972   6      455         182          699            57
 1972   7     4186         182          121            57
 1972   8      174         182          852            57
 1972   9      134         182           77            57
 1972  10      133         182            0            57
 1972  11      167         311            0            57
 1972  12       22         311            0            57
 1973   1       75         311            0            57
 1973   2      118         311            0            57
 1973   3       74         182          302            57
 1973   4      898         182            0            57
 1973   5     1634         182            0            57
 1973   6       45         182          567            57
 1973   7     1695         182          121            57
 1973   8      212         182          578            57
 1973   9      143         182            0            57
 1973  10       94         182          270            57
 1973  11        0         311          270            57
 1973  12        0         311            0            57
 1974   1        0         311            0            57
 1974   2       14         311            0            57
 1974   3      102         182            0            57
 1974   4      121         182          270            57
 1974   5     1004         182            0            57
 1974   6        0         182          475            57
 1974   7       67         182          406            57
 1974   8     2848         182          380            57
 1974   9      127         182            0            57
 1974  10     1181         182          275            57
 1974  11      162         311          275            57
 1974  12      133         311            0            57
 1975   1      147         311            0            57
 1975   2      266         311          275            57
 1975   3       38         182           69            57
 1975   4     1470         182            0            57
 1975   5      131         182            0            57
 1975   6      122         182          791            57
 1975   7      654         182          335            57
 1975   8    19600         182           66            57
 1975   9      640         182            0            57
 1975  10      643         182          269            57
 1975  11      179         311            0            57
 1975  12      442         311            0            57
 1976   1      102         311            0            57
 1976   2      336         311            0            57
 1976   3      126         182            0            57
 1976   4      171         182            0            57
 1976   5      123         182            0            57
 1976   6       57         182          615            57
 1976   7      774         182          506            57
 1976   8      611         182          676            57
 1976   9      332         182          270            57
 1976  10      105         182            0            57
 1976  11       75         311          270            57
 1976  12       46         311            0            57
 1977   1       27         311            0            57
 1977   2       23         311            0            57
 1977   3       14         182            0            57
 1977   4      192         182            0            57
 1977   5      387         182          523            57
 1977   6      238         182          567            57
 1977   7     1249         182          121            57
 1977   8      584         182          578            57
 1977   9      319         182            0            57
 1977  10      453         182          270            57
 1977  11      603         311          270            57
 1977  12      123         311            0            57
 1978   1      104         311            0            57
 1978   2      363         311            0            57
 1978   3      150         182            0            57
 1978   4       65         182          270            57
 1978   5       38         182            0            57
                      高保证率供水  低保证率供水  高保证率供水  低保证率供水
  兴利库容  限制库容  遭受破坏年数  遭受破坏年数  遭受破坏月数  遭受破坏月数
  7000       1503          0             4              0            17 
  6950       1498          1             5              1            18 
  6950       1469          1             5              2            18 
  6900       1700          1             5              1            21 
  6900       1419          1             5              2            18 
  6850       1700          1             5              1            21 
  6850       1369          1             5              2            18 
  6800       1700          1             5              1            21 
  6800       1319          1             5              2            18 
  6750       1675          1             5              2            21 
  6750       1269          1             5              2            18 
  6700       1625          1             5              2            21 
  6700       1219          1             5              2            18 
  6650       1575          1             5              2            21 
  6650       1169          1             5              3            18 
  6600       1525          1             5              2            21 
  6600       1119          1             5              3            18 
  6550       1475          1             5              2            21 
  6550       1069          1             5              3            18 
  6500       1425          1             5              2            21 
  6500       1019          1             5              3            18 
  6450       1522          2             6              4            23 
兴利库容 VX=  6900
限制库容 VY=  1420
高保证率供水遭受破坏年数 AY=   1   高保证率供水年供水保证率 PAY= 0.905
高保证率供水遭受破坏月数 AM=   5   低保证率供水年供水保证率 PAM= 0.714
低保证率供水遭受破坏年数 BY=   2   高保证率供水月供水保证率 PBY= 0.988
低保证率供水遭受破坏月数 BM=  18   低保证率供水月供水保证率 PBM= 0.921
   年   月    水库蓄量
  1958   6       154
  1962   2      1209
  1962   3      1011
  1962   4       821
  1962   5       655
  1962   6       538
  1962   7       411
  1966   9      1420
  1966  10      1199
  1966  11       855
  1966  12       550
  1967   1       201
  1967   2       -78
  1967   3        12
  1967   4       631
  1967   5       665
  1967   6       703
  1978   5      1418
兴利库容 VX=  6800
限制库容 VY=  1700
高保证率供水遭受破坏年数 AY=   1   高保证率供水年供水保证率 PAY= 0.905
高保证率供水遭受破坏月数 AM=   5   低保证率供水年供水保证率 PAM= 0.714
低保证率供水遭受破坏年数 BY=   1   高保证率供水月供水保证率 PBY= 0.992
低保证率供水遭受破坏月数 BM=  21   低保证率供水月供水保证率 PBM= 0.909
   年   月    水库蓄量
  1958   6       154
  1962   1      1416
  1962   2      1109
  1962   3       911
  1962   4       721
  1962   5       555
  1962   6       438
  1962   7       311
  1966   8      1700
  1966   9      1498
  1966  10      1277
  1966  11       933
  1966  12       628
  1967   1       279
  1967   2         0
  1967   3        12
  1967   4       631
  1967   5       665
  1967   6       703
  1978   4      1700
  1978   5      1499
兴利库容 VX=  6800
限制库容 VY=  1320
高保证率供水遭受破坏年数 AY=   1   高保证率供水年供水保证率 PAY= 0.905
高保证率供水遭受破坏月数 AM=   5   低保证率供水年供水保证率 PAM= 0.714
低保证率供水遭受破坏年数 BY=   2   高保证率供水月供水保证率 PBY= 0.988
低保证率供水遭受破坏月数 BM=  18   低保证率供水月供水保证率 PBM= 0.921
   年   月    水库蓄量
  1958   6       154
  1962   2      1109
  1962   3       911
  1962   4       721
  1962   5       555
  1962   6       438
  1962   7       311
  1966   9      1320
  1966  10      1099
  1966  11       755
  1966  12       450
  1967   1       101
  1967   2      -178
  1967   3        12
  1967   4       631
  1967   5       665
  1967   6       703
  1978   5      1318
兴利库容 VX=  6500
限制库容 VY=  1420
高保证率供水遭受破坏年数 AY=   1   高保证率供水年供水保证率 PAY= 0.905
高保证率供水遭受破坏月数 AM=   5   低保证率供水年供水保证率 PAM= 0.714
低保证率供水遭受破坏年数 BY=   3   高保证率供水月供水保证率 PBY= 0.983
低保证率供水遭受破坏月数 BM=  21   低保证率供水月供水保证率 PBM= 0.909
   年   月    水库蓄量
  1958   6       154
  1962   1      1116
  1962   2       809
  1962   3       611
  1962   4       421
  1962   5       255
  1962   6       138
  1962   7        11
  1966   8      1420
  1966   9      1218
  1966  10       997
  1966  11       653
  1966  12       348
  1967   1        -1
  1967   2      -279
  1967   3        12
  1967   4       631
  1967   5       665
  1967   6       703
  1978   4      1420
  1978   5      1219

七、说明
    本程序各项水量均取整数。若不为整数需将水量单位做相应的变换、换成整数进行运算。

