20,7000,50,0.9,0.7,1,6
182,182,182,182,182,311,311,311,311,182,182,182
57,57,57,57,57,57,57,57,57,57,57,57
1958,393,551,2244,66,2483,319,187,204,106,302,759,0,130,0
86,0,454,0,967,0,1949,269,578,0
1959,1440,522,1117,572,271,528,333,319,307,269,144,269
564,0,237,0,209,0,725,0,711,0,528,0
1960,787,935,780,368,213,545,2248,0,191,269,225,269
225,0,157,0,38,269,211,0,133,341,120,0
1961,132,478,109,660,123,610,132,0,48,269,513,0
92,0,59,0,61,269,41,269,49,341,73,0
1962,122,428,112,407,2230,269,405,0,674,0,2053,0
405,0,55,0,68,269,142,0,229,0,4503,0
1963,1118,791,128,335,8424,66,2197,0,497,269,0,0
0,0,0,0,134,0,260,0,4303,0,4225,0
1964,387,633,554,66,1274,358,2788,0,3686,0,494,269
236,0,61,0,114,0,327,0,366,0,140,269
1965,333,863,7550,83,1300,204,72,66,24,341,13,0
0,0,0,0,6,341,290,0,62,66,85,270
1966,93,615,289,506,111,676,37,270,18,0,24,270
63,0,19,0,89,0,251,0,858,0,273,523
1967,277,682,4627,137,277,374,944,0,365,341,1738,0
352,0,135,0,102,0,117,0,104,270,453,0
1968,160,1094,2013,121,835,440,2735,0,2306,0,142,270
121,0,157,0,852,0,754,0,1947,0,535,0
1969,443,776,320,154,2158,314,4877,0,571,341,67,374
83,0,70,0,198,0,348,341,614,0,475,0
1970,917,567,271,121,82,578,414,0,355,270,142,270
90,0,98,0,121,0,238,0,248,270,227,0
1971,2976,424,1419,390,2127,154,183,270,218,0,667,0
95,0,98,0,258,302,821,0,481,302,86,0
1972,455,699,4186,121,174,852,134,77,133,0,167,0
22,0,75,0,118,0,74,302,898,0,1634,0
1973,45,567,1695,121,212,578,143,0,94,270,0,270
0,0,0,0,14,0,102,0,121,270,1004,0
1974,0,475,67,406,2848,380,127,0,1181,275,162,275
133,0,147,0,266,275,38,69,1470,0,131,0
1975,122,791,654,335,19600,66,640,0,643,269,179,0
442,0,102,0,336,0,126,0,171,0,123,0
1976,57,615,774,506,611,676,332,270,105,0,75,270
46,0,27,0,23,0,14,0,192,0,387,523
1977,238,567,1249,121,584,578,319,0,453,270,603,270
123,0,104,0,363,0,150,0,65,270,38,0
