*****************************************************************************
*******                        调水工程水利经济计算书                         *******
*****************************************************************************

 ************************************************************************
 *****                    调水工程水利经济计算书                    *****
 ************************************************************************

 输入数据:
 输入调水线路上所分的计算段数 Z= 4 
 输入调水所供的省份数 X= 3 
 输入计算过程中采用的利率 J=  8.00

   项    目      单  位             A--B      B--C      C--D      D--E
   各段用水      亿立方米        32.100    15.600    33.500    30.400
   工业用水      亿立方米         2.900     4.700    20.600    18.500
   农业用水      亿立方米        28.100    10.300    11.300     8.900
   生活用水      亿立方米         1.100     0.600     1.600     3.000
   水量损失      亿立方米         6.000     4.000    11.200     9.200
   输送水量      亿立方米       203.700   184.100   139.400    99.800
   总 投 资     亿  元        17.892    10.987    16.722    22.700
   土方投资      亿  元         5.670     4.190     8.450    13.200
   机电投资      亿  元         6.720     4.890     5.370     5.560
   建筑物投资     亿  元         0.000     0.000     0.000     0.000
   不可预见费     亿  元         5.502     1.907     2.902     3.940
   工业产值      元/立方米        0.193     0.193     0.193     0.193
   农业产值      元/立方米        0.080     0.080     0.080     0.080
   生活产值      元/立方米        0.100     0.100     0.100     0.100
   每立方米电耗    元/立方米        0.005     0.009     0.011     0.015
   灌溉面积      万  亩       640.000   206.000   246.000   256.000
 ************************************************************************

                           第  1  段
 总投资 土方投资 机电投资 建筑物投资 不可预见费用 年运行费用 毛效益 净用水量
   4.996    0.772    0.915     0.000       0.749      0.180    2.918    32.100
   0.220    0.070    0.083     0.000       0.068      0.016    0.560     2.900
   4.692    0.676    0.801     0.000       0.656      0.158    2.248    28.100
   0.083    0.026    0.031     0.000       0.026      0.006    0.110     1.100

               益本比  回收年限  每立米水成本  内部回收率 
                4.766     3.000         0.019         0.510
               15.374     1.000         0.013         0.510
                4.000     3.000         0.020         0.446
                7.966     1.000         0.013         0.510
 ************************************************************************

                           第  2  段
 总投资 土方投资 机电投资 建筑物投资 不可预见费用 年运行费用 毛效益 净用水量
   2.890    0.710    0.835     0.000       0.520      0.165    1.791    15.600
   0.622    0.214    0.252     0.000       0.157      0.050    0.907     4.700
   2.188    0.469    0.552     0.000       0.344      0.109    0.824    10.300
   0.079    0.027    0.032     0.000       0.020      0.006    0.060     0.600

               益本比  回收年限  每立米水成本  内部回收率 
                4.232     2.000         0.027         0.510
                8.460     1.000         0.023         0.510
                2.725     4.000         0.029         0.327
                4.383     2.000         0.023         0.510
 ************************************************************************

                           第  3  段
 总投资 土方投资 机电投资 建筑物投资 不可预见费用 年运行费用 毛效益 净用水量
   8.947    3.261    2.951     0.000       1.752      0.496    5.040    33.500
   4.897    2.005    1.815     0.000       1.077      0.305    3.976    20.600
   3.670    1.100    0.995     0.000       0.591      0.167    0.904    11.300
   0.380    0.156    0.141     0.000       0.084      0.024    0.160     1.600

               益本比  回收年限  每立米水成本  内部回收率 
                3.847     3.000         0.039         0.510
                5.258     2.000         0.037         0.510
                1.826     7.000         0.044         0.200
                2.725     4.000         0.037         0.358
 ************************************************************************

                           第  4  段
 总投资 土方投资 机电投资 建筑物投资 不可预见费用 年运行费用 毛效益 净用水量
  14.061    6.250    4.165     0.000       2.622      0.686    4.583    30.400
   7.934    3.803    2.535     0.000       1.596      0.417    3.571    18.500
   4.841    1.830    1.219     0.000       0.768      0.201    0.712     8.900
   1.287    0.617    0.411     0.000       0.259      0.068    0.300     3.000

               益本比  回收年限  每立米水成本  内部回收率 
                2.335     5.000         0.065         0.277
                3.122     3.000         0.062         0.397
                1.123    19.000         0.071         0.099
                1.618     8.000         0.062         0.179
 ************************************************************************

                        全    线                         
 总投资 土方投资 机电投资 建筑物投资 不可预见费用 年运行费用 毛效益 净用水量
  30.894   10.992    8.866     0.000       5.643      1.527   14.331   111.600
  13.673    6.092    4.684     0.000       2.897      0.788    9.013    46.700
  15.391    4.074    3.567     0.000       2.358      0.635    4.688    58.600
   1.830    0.826    0.615     0.000       0.388      0.104    0.630     6.300

               益本比  回收年限  每立米水成本  内部回收率 
                3.326     3.000         0.039         0.414
                4.411     2.000         0.044         0.510
                2.352     5.000         0.034         0.263
                2.319     5.000         0.043         0.287
 ************************************************************************

                          省     份     1                   
 总投资 土方投资 机电投资 建筑物投资 不可预见费用 年运行费用 毛效益 净用水量
   9.369    3.101    2.970     0.000       1.790      0.524    5.227    39.498
   3.836    1.542    1.434     0.000       0.861      0.248    3.455    17.899
   5.035    1.354    1.353     0.000       0.819      0.244    1.552    19.400
   0.498    0.205    0.183     0.000       0.110      0.032    0.220     2.200

               益本比  回收年限  每立米水成本  内部回收率 
                3.811     3.000         0.035         0.510
                5.742     2.000         0.034         0.510
                2.242     5.000         0.036         0.260
                2.842     4.000         0.035         0.378
 ************************************************************************

                          省     份     2                   
 总投资 土方投资 机电投资 建筑物投资 不可预见费用 年运行费用 毛效益 净用水量
   4.996    0.772    0.915     0.000       0.749      0.180    2.918    32.100
   0.220    0.070    0.083     0.000       0.068      0.016    0.560     2.900
   4.692    0.676    0.801     0.000       0.656      0.158    2.248    28.100
   0.083    0.026    0.031     0.000       0.026      0.006    0.110     1.100

               益本比  回收年限  每立米水成本  内部回收率 
                4.766     3.000         0.019         0.510
               15.374     1.000         0.013         0.510
                4.000     3.000         0.020         0.446
                7.966     1.000         0.013         0.510
 ************************************************************************

                          省     份     3                   
 总投资 土方投资 机电投资 建筑物投资 不可预见费用 年运行费用 毛效益 净用水量
  16.529    7.120    4.982     0.000       3.104      0.823    6.187    40.002
   9.665    4.530    3.163     0.000       1.972      0.523    4.999    25.301
   5.878    2.132    1.493     0.000       0.930      0.247    0.888    12.001
   2.865    1.257    1.000     0.000       0.608      0.167    0.300     9.801

               益本比  回收年限  每立米水成本  内部回收率 
                2.661     4.000         0.058         0.324
                3.549     3.000         0.056         0.463
                1.150    18.000         0.064         0.103
                0.698    51.000         0.044         0.023
 ************************************************************************

--------------------------------------------------------------

