4,3,8
"FANG NAN 1"                  
32.1,2.9,28.1,1.1,6.0,203.7,17.892,5.67
6.72,0,5.502,0.193,0.080,0.1,0.0047,640
15.6,4.7,10.3,0.6,4.0,184.1,10.987,4.19
4.89,0,1.907,0.193,0.08,0.1,0.0087,206
33.5,20.6,11.3,1.6,11.2,139.4,16.722,8.45
5.37,0,2.902,0.193,0.080,0.1,0.0108,246
30.4,18.5,8.9,3.0,9.2,99.8,22.7,13.2
5.56,0,3.94,0.193,0.080,0.1,0.0146,256
"OA-GA(I)---"
39.5,17.9,19.40,2.2,32.1,2.9,28.1,1.1,40.0,25.9,11.1,3.0
"RA Y=1-4 N=1-3"
0,1,0,1,0,0,0.6955,0,0.3045,0.0197,0,0.9803
377,640,331
"RB 1-4"
0,0,0,0,32.1,2.9,28.1,1.1,0,0,0,0
15.6,4.7,10.3,0.6,0,0,0,0,0,0,0,0
23.3,12.8,9.1,1.4,0,0,0,0,10.2,6.2,3.1,7.0
0.6,0.4,0,0.2,0,0,0,0,29.8,19.1,8.9,2.8
